BEAGLEBONE:  IA-01RaCtrl:CO-PSCtrl-SI2
IP_ADDRESS:  10.128.101.122
18.062353134155273
10.678768157958984
13.39864730834961
13.370037078857422
12.701034545898438
12.924671173095703
12.799978256225586
12.86625862121582
12.76254653930664
12.848854064941406
12.817621231079102
12.694120407104492
12.815237045288086
12.964248657226562
12.818336486816406
12.523412704467773
12.786626815795898
12.718677520751953
12.706756591796875
12.82954216003418
12.657403945922852
13.060808181762695
13.889074325561523
12.769699096679688
12.555599212646484
12.773990631103516
12.657642364501953
13.036251068115234
13.135194778442383
13.635635375976562
13.009071350097656
12.929677963256836
12.894153594970703
12.69674301147461
12.968778610229492
12.655973434448242
13.389825820922852
13.063430786132812
12.902259826660156
12.839794158935547
12.857198715209961
12.630701065063477
12.665510177612305
12.844324111938477
13.393640518188477
13.330459594726562
12.680292129516602
12.812376022338867
12.907743453979492
12.95781135559082
12.85696029663086
12.835025787353516
13.285160064697266
12.875556945800781
12.981414794921875
12.698650360107422
12.87841796875
13.112068176269531
13.738393783569336
14.247417449951172
13.411998748779297
13.194799423217773
13.345479965209961
13.367652893066406
13.2293701171875
13.848066329956055
13.463973999023438
14.616250991821289
13.374090194702148
13.299703598022461
13.274431228637695
12.806177139282227
13.10586929321289
13.20505142211914
13.555526733398438
13.300418853759766
13.105630874633789
13.765335083007812
13.09823989868164
12.967109680175781
13.31186294555664
13.3819580078125
13.59701156616211
13.228654861450195
13.504505157470703
13.221025466918945
13.295888900756836
13.50712776184082
13.359546661376953
13.576030731201172
13.208866119384766
13.196945190429688
13.048887252807617
13.25535774230957
13.113021850585938
13.187408447265625
13.23556900024414
12.874603271484375
14.66226577758789
13.20338249206543
12.687921524047852
12.799501419067383
12.73036003112793
12.679815292358398
12.965679168701172
12.983322143554688
13.022422790527344
13.14854621887207
12.8936767578125
12.742280960083008
12.761116027832031
12.879133224487305
12.975215911865234
12.767314910888672
12.778759002685547
12.828350067138672
12.939214706420898
13.208627700805664
12.880802154541016
13.011455535888672
13.240575790405273
13.416767120361328
12.936592102050781
12.784004211425781
12.897253036499023
12.82358169555664
12.648344039916992
12.78543472290039
12.928247451782227
12.644052505493164
12.621164321899414
12.714385986328125
12.640237808227539
12.674570083618164
12.460708618164062
13.164281845092773
13.147592544555664
12.858390808105469
12.582540512084961
13.539314270019531
13.05532455444336
12.899160385131836
13.013601303100586
14.014959335327148
13.196945190429688
13.013362884521484
13.070106506347656
12.802839279174805
13.020038604736328
12.75014877319336
12.907981872558594
13.676166534423828
13.17739486694336
12.986421585083008
12.966156005859375
13.079404830932617
12.953758239746094
13.03720474243164
13.366460800170898
13.572454452514648
13.013601303100586
12.96091079711914
13.024330139160156
12.854337692260742
13.123750686645508
12.825727462768555
13.55600357055664
13.063192367553711
13.003826141357422
12.897491455078125
13.120174407958984
12.894392013549805
13.057947158813477
12.82644271850586
13.056516647338867
14.312267303466797
12.966632843017578
13.169050216674805
13.201475143432617
12.937784194946289
12.887954711914062
12.903928756713867
13.02337646484375
12.809991836547852
12.831449508666992
12.520313262939453
12.45260238647461
12.804269790649414
12.45570182800293
13.62752914428711
13.199329376220703
13.336896896362305
13.314485549926758
13.51785659790039
13.421297073364258
13.200044631958008
13.1683349609375
13.618707656860352
13.699531555175781
13.376474380493164
13.176679611206055
13.335704803466797
13.281106948852539
13.194799423217773
13.299942016601562
13.377666473388672
13.20791244506836
13.37742805480957
13.29803466796875
13.28277587890625
13.466119766235352
13.716697692871094
13.646364212036133
13.387680053710938
13.455629348754883
13.025283813476562
13.07058334350586
13.542413711547852
13.907194137573242
13.672113418579102
13.263940811157227
13.388872146606445
12.93802261352539
12.01772689819336
12.501001358032227
10.802268981933594
9.762048721313477
9.489774703979492
9.748458862304688
9.499788284301758
9.449243545532227
9.46044921875
9.315013885498047
9.18722152709961
9.057044982910156
9.052515029907227
8.973360061645508
9.097576141357422
9.278297424316406
9.408235549926758
9.242773056030273
9.335517883300781
9.284257888793945
9.184598922729492
9.274959564208984
9.173154830932617
9.140253067016602
9.087562561035156
9.153604507446289
10.22791862487793
9.704351425170898
9.291410446166992
9.151220321655273
9.289741516113281
9.312629699707031
9.233236312866211
9.188175201416016
9.216785430908203
9.284734725952148
9.424686431884766
10.552406311035156
11.38758659362793
9.843111038208008
9.296894073486328
9.546279907226562
9.6893310546875
11.085748672485352
12.099027633666992
12.092828750610352
12.606382369995117
12.305021286010742
12.036561965942383
12.28642463684082
12.230873107910156
12.03012466430664
11.94143295288086
12.26353645324707
12.79592514038086
13.97085189819336
13.146162033081055
13.17286491394043
13.318777084350586
13.430595397949219
13.402938842773438
13.395309448242188
13.586759567260742
13.977289199829102
13.262510299682617
13.180017471313477
13.187885284423828
13.007879257202148
13.103961944580078
13.040542602539062
13.51785659790039
13.092994689941406
13.025045394897461
13.198375701904297
13.326168060302734
13.370037078857422
13.541221618652344
12.872457504272461
13.183355331420898
13.119935989379883
13.484001159667969
12.89510726928711
12.861490249633789
13.962984085083008
13.171911239624023
13.435840606689453
13.09657096862793
12.967586517333984
13.057708740234375
12.834310531616211
13.013124465942383
13.536930084228516
13.427495956420898
13.161420822143555
13.363361358642578
13.219594955444336
13.35000991821289
13.28134536743164
13.15164566040039
13.367414474487305
13.690710067749023
13.29660415649414
13.22627067565918
13.39101791381836
13.591766357421875
13.601303100585938
13.237714767456055
13.4735107421875
13.445854187011719
13.466358184814453
13.124704360961914
11.63029670715332
11.67750358581543
11.678695678710938
11.49296760559082
11.65628433227539
12.961864471435547
12.593746185302734
12.875556945800781
12.992143630981445
12.840509414672852
12.814044952392578
12.844085693359375
12.96687126159668
12.923002243041992
12.858390808105469
12.744903564453125
12.84027099609375
12.868881225585938
12.669563293457031
14.262914657592773
13.868331909179688
13.020992279052734
12.868404388427734
12.876272201538086
13.18502426147461
13.106584548950195
13.384580612182617
13.730049133300781
13.414382934570312
13.18812370300293
13.422727584838867
13.128995895385742
13.324499130249023
13.161897659301758
13.357162475585938
14.33420181274414
13.190031051635742
13.419151306152344
13.36812973022461
13.240575790405273
13.60177993774414
13.49782943725586
13.679265975952148
14.139652252197266
13.474225997924805
13.271570205688477
13.360261917114258
13.705253601074219
13.935327529907227
13.263225555419922
13.940572738647461
13.179540634155273
13.499021530151367
13.090133666992188
13.3819580078125
13.567209243774414
13.585329055786133
13.366937637329102
13.192176818847656
13.263463973999023
13.002872467041016
12.991666793823242
13.024091720581055
12.937545776367188
12.932062149047852
13.155698776245117
12.937068939208984
12.956380844116211
12.900114059448242
12.923717498779297
12.744903564453125
12.771129608154297
12.851953506469727
13.045787811279297
12.988090515136719
12.769699096679688
12.914896011352539
12.880802154541016
13.179779052734375
14.453887939453125
13.294458389282227
13.291358947753906
12.890815734863281
12.859582901000977
12.827634811401367
12.885093688964844
13.01121711730957
13.296365737915039
13.258695602416992
12.954950332641602
12.777328491210938
12.956380844116211
12.893199920654297
12.737274169921875
12.891292572021484
12.891530990600586
13.13638687133789
12.962579727172852
13.094425201416016
13.138532638549805
12.873172760009766
12.924909591674805
13.020992279052734
12.920379638671875
14.489412307739258
13.086795806884766
12.893915176391602
12.884378433227539
12.831449508666992
12.935876846313477
12.936115264892578
13.356685638427734
12.896299362182617
12.944459915161133
13.026237487792969
13.012409210205078
12.779474258422852
13.176202774047852
13.347148895263672
14.081001281738281
12.981653213500977
12.758493423461914
13.084173202514648
12.925148010253906
13.171672821044922
13.059377670288086
13.43536376953125
13.149499893188477
12.945890426635742
13.017892837524414
12.415885925292969
12.906312942504883
13.312578201293945
13.27204704284668
13.384342193603516
12.914896011352539
12.998580932617188
12.945890426635742
13.25535774230957
12.91799545288086
13.018131256103516
13.133049011230469
14.171123504638672
12.948036193847656
12.92562484741211
12.973546981811523
13.529062271118164
13.242483139038086
13.251781463623047
13.684272766113281
13.229846954345703
13.044357299804688
12.974977493286133
13.138532638549805
13.002157211303711
13.209342956542969
13.39268684387207
14.870166778564453
13.125896453857422
13.153553009033203
13.331890106201172
13.396501541137695
13.505935668945312
13.12255859375
13.540506362915039
13.477563858032227
13.291597366333008
13.095855712890625
13.421773910522461
13.384580612182617
13.185262680053711
13.552427291870117
13.55433464050293
13.18502426147461
13.18049430847168
13.363122940063477
13.372659683227539
13.31019401550293
13.449668884277344
13.718843460083008
13.386249542236328
13.314485549926758
13.153314590454102
12.771844863891602
12.909889221191406
12.810945510864258
12.971162796020508
13.128995895385742
12.862443923950195
12.93325424194336
12.93039321899414
13.053655624389648
12.974262237548828
13.125181198120117
12.844324111938477
13.17453384399414
12.915372848510742
12.800455093383789
12.919187545776367
12.857913970947266
13.428926467895508
12.904644012451172
13.056516647338867
13.323068618774414
13.028860092163086
12.923479080200195
12.456893920898438
12.884378433227539
12.617826461791992
13.04173469543457
13.379573822021484
13.164520263671875
12.979984283447266
13.06295394897461
12.952566146850586
12.915849685668945
13.006925582885742
12.950897216796875
13.941526412963867
12.87698745727539
13.003826141357422
13.036966323852539
12.993335723876953
13.112068176269531
12.826204299926758
13.670682907104492
13.094425201416016
12.973785400390625
13.018131256103516
12.944698333740234
12.914180755615234
12.986898422241211
12.764215469360352
15.132427215576172
13.103246688842773
12.909412384033203
12.894392013549805
12.869596481323242
12.832403182983398
12.860536575317383
12.824535369873047
13.936519622802734
13.013839721679688
12.894153594970703
12.787103652954102
12.768745422363281
12.803792953491211
12.910842895507812
12.752294540405273
13.045549392700195
12.99142837524414
13.090848922729492
12.79759407043457
13.028621673583984
12.93492317199707
12.837886810302734
13.231277465820312
12.95161247253418
12.981653213500977
12.827873229980469
12.941122055053711
12.944936752319336
12.944698333740234
12.938976287841797
12.972831726074219
13.02027702331543
13.031959533691406
12.852191925048828
12.901544570922852
12.930154800415039
13.115882873535156
12.940168380737305
13.201475143432617
13.07058334350586
13.201713562011719
12.8021240234375
12.946605682373047
13.459444046020508
13.043642044067383
13.116836547851562
12.998819351196289
13.174772262573242
12.634038925170898
12.958526611328125
12.763261795043945
12.902498245239258
12.866973876953125
13.305187225341797
13.06295394897461
13.122320175170898
13.051271438598633
13.119220733642578
12.967824935913086
12.91799545288086
12.995004653930664
13.203144073486328
12.899160385131836
12.775421142578125
12.963533401489258
12.983560562133789
12.832880020141602
12.965917587280273
13.077974319458008
13.213634490966797
12.872934341430664
12.924909591674805
12.951850891113281
13.062477111816406
12.852668762207031
12.956857681274414
13.679981231689453
13.064384460449219
12.813091278076172
13.023853302001953
12.909889221191406
12.955427169799805
12.950897216796875
12.68911361694336
14.00136947631836
12.930154800415039
12.837409973144531
12.993574142456055
12.747049331665039
12.914657592773438
12.8021240234375
13.571500778198242
13.535261154174805
12.979984283447266
12.801647186279297
13.028144836425781
13.054847717285156
12.912750244140625
12.824535369873047
14.031410217285156
12.987375259399414
12.928247451782227
13.019561767578125
12.951135635375977
12.860536575317383
12.912273406982422
12.908220291137695
13.960599899291992
13.049125671386719
13.492107391357422
13.029098510742188
13.00048828125
12.768268585205078
13.032674789428711
12.904167175292969
13.153076171875
12.943506240844727
12.992143630981445
12.80355453491211
13.500213623046875
13.083934783935547
12.894392013549805
13.139009475708008
12.928485870361328
12.976646423339844
12.562036514282227
13.104438781738281
12.891530990600586
13.002157211303711
13.379335403442383
13.127565383911133
12.928962707519531
12.913703918457031
12.939214706420898
13.128519058227539
12.95161247253418
12.879133224487305
12.881040573120117
13.039588928222656
12.887239456176758
12.816905975341797
13.095378875732422
12.842416763305664
13.361454010009766
12.904882431030273
13.18359375
13.1072998046875
13.103961944580078
13.083934783935547
12.941122055053711
12.803077697753906
12.924671173095703
12.8173828125
14.185428619384766
12.89820671081543
12.701988220214844
12.895584106445312
13.560295104980469
13.423919677734375
13.373136520385742
13.264656066894531
13.556718826293945
13.392210006713867
13.063192367553711
13.28587532043457
13.276815414428711
13.35000991821289
13.541936874389648
13.522148132324219
13.290882110595703
13.329267501831055
13.303279876708984
13.3209228515625
13.21864128112793
12.940406799316406
13.604879379272461
13.661623001098633
13.435602188110352
13.325691223144531
13.103723526000977
13.213872909545898
13.168096542358398
13.28134536743164
14.58430290222168
13.585090637207031
13.393402099609375
13.366222381591797
13.349056243896484
13.576507568359375
13.374090194702148
13.706445693969727
13.80777359008789
13.507366180419922
13.224363327026367
13.016223907470703
13.599395751953125
12.923479080200195
12.915372848510742
13.914108276367188
13.24152946472168
12.897729873657227
12.476682662963867
12.741565704345703
13.137340545654297
13.145685195922852
13.036012649536133
13.702869415283203
13.075590133666992
13.191938400268555
12.969017028808594
12.874364852905273
13.135910034179688
12.98213005065918
12.919187545776367
12.981414794921875
12.891530990600586
13.00048828125
12.900590896606445
12.885093688964844
12.90750503540039
12.858152389526367
12.79902458190918
13.040304183959961
12.875556945800781
12.729883193969727
12.851238250732422
12.706518173217773
12.729167938232422
13.794422149658203
13.660192489624023
12.888431549072266
12.984037399291992
12.725591659545898
12.873649597167969
12.804508209228516
12.663841247558594
12.665510177612305
13.214111328125
12.761354446411133
13.00358772277832
12.673139572143555
12.757062911987305
13.005971908569336
12.88151741027832
12.982368469238281
13.072967529296875
12.99738883972168
12.935876846313477
12.905597686767578
13.008356094360352
12.887001037597656
13.226032257080078
13.12708854675293
13.068437576293945
13.072013854980469
12.961387634277344
12.670278549194336
12.848377227783203
12.753725051879883
12.845039367675781
13.24772834777832
12.92872428894043
12.877225875854492
12.967348098754883
13.115644454956055
13.300180435180664
13.04483413696289
13.016939163208008
13.027667999267578
13.121366500854492
13.02790641784668
12.847423553466797
13.246774673461914
12.848854064941406
12.616872787475586
12.804269790649414
13.106346130371094
12.944221496582031
12.391090393066406
12.758255004882812
12.83121109008789
12.989521026611328
15.064716339111328
14.403581619262695
13.358592987060547
13.187885284423828
13.022184371948242
13.095855712890625
12.997150421142578
12.944221496582031
13.867855072021484
13.167142868041992
12.986421585083008
12.900352478027344
12.857913970947266
12.819290161132812
12.907028198242188
12.804269790649414
14.16778564453125
13.009309768676758
12.846708297729492
12.924671173095703
13.067483901977539
12.881040573120117
12.882232666015625
14.095783233642578
13.732671737670898
13.020753860473633
12.914657592773438
13.355731964111328
12.926816940307617
12.983083724975586
13.002157211303711
12.725830078125
12.817144393920898
12.558460235595703
12.595653533935547
12.752294540405273
12.728691101074219
12.691020965576172
12.630939483642578
12.912988662719727
12.57944107055664
12.094736099243164
13.303041458129883
13.083219528198242
13.05246353149414
12.882709503173828
13.106822967529297
13.005733489990234
12.885808944702148
12.674570083618164
12.866973876953125
12.695789337158203
12.76850700378418
12.694120407104492
12.532949447631836
12.95018196105957
12.559652328491211
12.716293334960938
12.621879577636719
12.748003005981445
12.705802917480469
13.024091720581055
12.767553329467773
13.128280639648438
12.868404388427734
12.84646987915039
12.97307014465332
13.304710388183594
13.036251068115234
12.929439544677734
12.955665588378906
13.038873672485352
12.988805770874023
12.435436248779297
12.862205505371094
12.827873229980469
12.808561325073242
13.293027877807617
13.231992721557617
13.367176055908203
13.089656829833984
13.202190399169922
13.07225227355957
13.000726699829102
13.087272644042969
13.031005859375
13.411521911621094
13.370752334594727
13.286828994750977
13.173103332519531
12.953519821166992
12.874364852905273
12.896060943603516
12.871026992797852
13.26894760131836
12.840747833251953
13.008594512939453
12.995719909667969
13.004064559936523
12.86005973815918
14.447927474975586
13.973712921142578
13.050556182861328
12.95018196105957
12.93492317199707
12.900829315185547
12.94708251953125
13.134002685546875
12.871265411376953
13.626575469970703
12.869119644165039
12.833118438720703
12.882232666015625
12.826919555664062
12.81881332397461
13.087034225463867
13.724088668823242
13.24772834777832
12.906789779663086
12.910604476928711
12.876033782958984
13.091087341308594
12.957096099853516
13.286828994750977
13.663530349731445
12.985706329345703
12.813091278076172
13.041019439697266
12.88294792175293
12.911319732666016
12.815237045288086
12.862443923950195
13.13161849975586
12.960195541381836
12.93802261352539
12.969970703125
12.849807739257812
13.004779815673828
13.090848922729492
12.939929962158203
13.09967041015625
12.749910354614258
12.920141220092773
12.819528579711914
13.183832168579102
13.06462287902832
12.885808944702148
13.08584213256836
13.039588928222656
12.782573699951172
12.711524963378906
12.866497039794922
12.738704681396484
12.69078254699707
13.041257858276367
12.939929962158203
12.848615646362305
12.762069702148438
13.445854187011719
12.726306915283203
12.735605239868164
12.725353240966797
12.58993148803711
13.164281845092773
12.691497802734375
12.565851211547852
12.607336044311523
12.526273727416992
12.611627578735352
12.686967849731445
12.678146362304688
13.333559036254883
12.809276580810547
12.579917907714844
12.950420379638672
12.8936767578125
12.794017791748047
12.97450065612793
14.404296875
13.053178787231445
12.841939926147461
13.01264762878418
13.07225227355957
13.084173202514648
12.975215911865234
12.816190719604492
13.263225555419922
12.959003448486328
12.786388397216797
12.968301773071289
12.810230255126953
12.625694274902344
12.726068496704102
12.831687927246094
12.927770614624023
13.014554977416992
12.87531852722168
12.839078903198242
13.069391250610352
12.971162796020508
13.838052749633789
13.489961624145508
13.436555862426758
12.894630432128906
12.791156768798828
12.793779373168945
12.880802154541016
12.689590454101562
12.793779373168945
13.609647750854492
13.040781021118164
12.954235076904297
12.868165969848633
13.068199157714844
13.057470321655273
12.904644012451172
12.908935546875
13.839006423950195
12.923717498779297
12.899398803710938
13.05389404296875
13.397455215454102
12.889862060546875
12.819528579711914
13.418912887573242
13.406515121459961
12.653112411499023
12.763500213623047
12.838363647460938
12.823820114135742
12.879371643066406
12.997150421142578
12.90750503540039
13.025522232055664
12.994527816772461
13.064861297607422
13.139009475708008
13.248682022094727
12.931585311889648
12.96091079711914
13.241052627563477
12.973785400390625
12.970447540283203
13.008356094360352
13.020992279052734
12.964725494384766
13.184785842895508
12.847900390625
12.75324821472168
13.27061653137207
13.558149337768555
13.45515251159668
13.073921203613281
13.055801391601562
14.130115509033203
13.398170471191406
13.081550598144531
13.182640075683594
13.036727905273438
12.891054153442383
12.917518615722656
13.120174407958984
13.004541397094727
13.045787811279297
12.943029403686523
12.918233871459961
12.897729873657227
12.879371643066406
13.01264762878418
13.145923614501953
12.89224624633789
13.305902481079102
12.849569320678711
12.970685958862305
12.928247451782227
12.314319610595703
9.11259651184082
9.36746597290039
9.099006652832031
9.23013687133789
9.138345718383789
8.942365646362305
9.351730346679688
11.07335090637207
11.652231216430664
19.725561141967773
15.349149703979492
14.892578125
13.883590698242188
13.195037841796875
12.95924186706543
12.901544570922852
12.859582901000977
13.195276260375977
12.943029403686523
13.235092163085938
12.942314147949219
12.909889221191406
12.938499450683594
13.55123519897461
13.045549392700195
12.778997421264648
12.85552978515625
13.994693756103516
12.748003005981445
12.779712677001953
12.711048126220703
13.102531433105469
12.037992477416992
11.685848236083984
12.38560676574707
13.592004776000977
12.8326416015625
12.893199920654297
12.857913970947266
12.853860855102539
12.84646987915039
13.316154479980469
13.157129287719727
13.226509094238281
13.240575790405273
13.000011444091797
13.014554977416992
12.279033660888672
13.427972793579102
13.478517532348633
13.927936553955078
13.100385665893555
12.920618057250977
13.264179229736328
12.91346549987793
12.86935806274414
12.86935806274414
14.086723327636719
13.150453567504883
12.92562484741211
13.140678405761719
12.96687126159668
12.777566909790039
13.015031814575195
12.89987564086914
12.77470588684082
13.05699348449707
13.031005859375
12.949466705322266
12.729883193969727
13.011455535888672
13.21101188659668
12.869119644165039
13.16976547241211
12.977123260498047
13.077497482299805
13.004541397094727
12.813329696655273
12.93492317199707
13.30709457397461
12.929677963256836
12.975215911865234
12.970924377441406
13.12565803527832
12.955665588378906
12.880086898803711
12.941598892211914
12.958288192749023
12.796401977539062
13.16976547241211
12.952327728271484
12.975931167602539
13.328075408935547
13.28420639038086
13.773679733276367
13.345956802368164
13.437986373901367
13.330459594726562
13.255119323730469
13.358592987060547
13.538122177124023
13.241052627563477
13.372421264648438
13.549327850341797
13.503313064575195
12.960195541381836
13.140201568603516
13.436317443847656
13.595104217529297
13.413667678833008
13.292074203491211
18.23902130126953
16.051530838012695
13.599395751953125
13.355731964111328
13.547182083129883
13.293981552124023
13.144254684448242
13.881683349609375
13.21721076965332
13.463020324707031
13.583660125732422
13.629674911499023
13.224124908447266
13.336181640625
14.107942581176758
13.893604278564453
12.953519821166992
12.992382049560547
12.841463088989258
13.00811767578125
12.84646987915039
14.222145080566406
14.223575592041016
13.272523880004883
13.034820556640625
12.984037399291992
12.812614440917969
12.987375259399414
13.007879257202148
13.410806655883789
13.808012008666992
13.025760650634766
12.984991073608398
12.849569320678711
13.019084930419922
12.921810150146484
12.805700302124023
13.460397720336914
13.100147247314453
13.033628463745117
12.979745864868164
12.967824935913086
12.73965835571289
13.434648513793945
13.013362884521484
13.364076614379883
13.085603713989258
13.136148452758789
12.822866439819336
13.060569763183594
12.88294792175293
12.907981872558594
12.885332107543945
13.101816177368164
12.98213005065918
11.90495491027832
11.49296760559082
11.716365814208984
12.009382247924805
11.481285095214844
11.536836624145508
11.68513298034668
11.769533157348633
11.409759521484375
11.638402938842773
12.435674667358398
12.964248657226562
13.092994689941406
13.082265853881836
13.242483139038086
12.714624404907227
12.952804565429688
12.892484664916992
12.883663177490234
13.04936408996582
13.200759887695312
12.939691543579102
13.299703598022461
12.950897216796875
13.015508651733398
13.089895248413086
12.945413589477539
12.833833694458008
12.911319732666016
13.075828552246094
13.106107711791992
13.020753860473633
12.99285888671875
13.057470321655273
13.031721115112305
12.975931167602539
12.97616958618164
12.794017791748047
12.96854019165039
13.092279434204102
13.004064559936523
13.05389404296875
12.902975082397461
12.603282928466797
14.117240905761719
12.849092483520508
12.902021408081055
13.274669647216797
13.118982315063477
13.149023056030273
12.956857681274414
12.841224670410156
12.971639633178711
13.2598876953125
12.912750244140625
13.016462326049805
13.225317001342773
13.245105743408203
13.498306274414062
13.48423957824707
14.61482048034668
13.020753860473633
13.064146041870117
13.252019882202148
13.666629791259766
13.626813888549805
13.460159301757812
13.911247253417969
14.182090759277344
13.315677642822266
13.114690780639648
13.269186019897461
13.344287872314453
13.210296630859375
13.315439224243164
14.04714584350586
13.234376907348633
13.330936431884766
13.32545280456543
13.053417205810547
13.196229934692383
13.355493545532227
14.000415802001953
13.648509979248047
13.163089752197266
13.362646102905273
13.319969177246094
13.833999633789062
13.23843002319336
13.21268081665039
13.543128967285156
13.216972351074219
13.314962387084961
13.333559036254883
13.12708854675293
13.393878936767578
13.397693634033203
13.297319412231445
13.37432861328125
16.199111938476562
13.562440872192383
13.404607772827148
13.30709457397461
13.254642486572266
13.489961624145508
13.887405395507812
13.228893280029297
13.321638107299805
13.90218734741211
13.16523551940918
13.314485549926758
13.295412063598633
13.643503189086914
13.40484619140625
13.145685195922852
13.580799102783203
13.65971565246582
13.406753540039062
14.578819274902344
13.458490371704102
13.539314270019531
13.38958740234375
13.408899307250977
13.207197189331055
13.37575912475586
13.38052749633789
13.346195220947266
13.648748397827148
13.386726379394531
13.2904052734375
13.251543045043945
13.37432861328125
13.335466384887695
13.131380081176758
13.107538223266602
13.524770736694336
13.284683227539062
13.192892074584961
13.63372802734375
13.536453247070312
13.4735107421875
13.308525085449219
13.596773147583008
13.091325759887695
13.100147247314453
13.153553009033203
13.7786865234375
13.039588928222656
13.437986373901367
13.493537902832031
13.681650161743164
13.486623764038086
13.624906539916992
13.023853302001953
13.671398162841797
13.158082962036133
13.592243194580078
14.634370803833008
13.214826583862305
13.014554977416992
13.440847396850586
13.27824592590332
13.663530349731445
13.280153274536133
14.103889465332031
13.359546661376953
13.078451156616211
13.242959976196289
13.357162475585938
13.399124145507812
13.377904891967773
13.522148132324219
13.998270034790039
13.509750366210938
13.314962387084961
16.060352325439453
13.563871383666992
13.314962387084961
13.214349746704102
14.798164367675781
13.647317886352539
13.14997673034668
13.491630554199219
13.339757919311523
13.447284698486328
12.821674346923828
12.856245040893555
13.219594955444336
12.855052947998047
12.942314147949219
12.857913970947266
12.81118392944336
13.065099716186523
14.153718948364258
13.175010681152344
13.023853302001953
12.978315353393555
12.99905776977539
12.879133224487305
13.050556182861328
12.95018196105957
12.880325317382812
13.2598876953125
12.984991073608398
12.93182373046875
12.820720672607422
13.085365295410156
13.035058975219727
12.939929962158203
12.88604736328125
13.192415237426758
13.216733932495117
13.325691223144531
13.304948806762695
13.292312622070312
13.962030410766602
13.302087783813477
13.652563095092773
13.269424438476562
13.319730758666992
13.274431228637695
13.089895248413086
15.641450881958008
13.638019561767578
13.331890106201172
13.506889343261719
13.614416122436523
13.458967208862305
13.065099716186523
13.317108154296875
13.288736343383789
13.206243515014648
13.643503189086914
13.138055801391602
13.422966003417969
13.813018798828125
13.076305389404297
13.0157470703125
12.918949127197266
13.193368911743164
13.328790664672852
13.032197952270508
13.113021850585938
13.267755508422852
13.697624206542969
13.38648796081543
13.138771057128906
13.462543487548828
13.099908828735352
13.040304183959961
12.9547119140625
12.813091278076172
13.109445571899414
12.870311737060547
13.353347778320312
13.62752914428711
12.888669967651367
12.855052947998047
12.972831726074219
12.97140121459961
12.944221496582031
13.112783432006836
13.414382934570312
13.273954391479492
12.983560562133789
13.105154037475586
12.807369232177734
12.738466262817383
13.884782791137695
13.915061950683594
14.114141464233398
12.977838516235352
13.072967529296875
13.123035430908203
13.060808181762695
13.008832931518555
12.926578521728516
13.37575912475586
13.427734375
13.015508651733398
13.026952743530273
12.949943542480469
12.911558151245117
12.968301773071289
13.004779815673828
13.05389404296875
13.363361358642578
12.885808944702148
12.910604476928711
12.927770614624023
13.28587532043457
12.738227844238281
12.933492660522461
12.811660766601562
12.825250625610352
13.185501098632812
13.105392456054688
12.96544075012207
13.0157470703125
13.135910034179688
12.919425964355469
13.089179992675781
12.947559356689453
13.016700744628906
12.913703918457031
12.900352478027344
13.079166412353516
12.921571731567383
13.051509857177734
13.139724731445312
12.865781784057617
15.282630920410156
12.643098831176758
13.170480728149414
12.949228286743164
12.839794158935547
12.985944747924805
13.029336929321289
12.890815734863281
13.409852981567383
12.904167175292969
12.941598892211914
12.923002243041992
12.889623641967773
13.084650039672852
13.060569763183594
12.940406799316406
12.75777816772461
15.740633010864258
13.008594512939453
12.967824935913086
13.06605339050293
13.29660415649414
12.740373611450195
13.57269287109375
13.615846633911133
13.342142105102539
13.190507888793945
13.422966003417969
14.028549194335938
13.426780700683594
13.466596603393555
13.355016708374023
13.038873672485352
15.232086181640625
13.389825820922852
13.434171676635742
13.257741928100586
13.315677642822266
13.459444046020508
13.06915283203125
13.38648796081543
13.430118560791016
14.268875122070312
14.108896255493164
13.461828231811523
13.462305068969727
13.55743408203125
13.309955596923828
13.660430908203125
13.1683349609375
14.374017715454102
13.406753540039062
13.61083984375
13.34691047668457
14.291763305664062
13.282060623168945
13.402462005615234
13.919591903686523
13.010740280151367
13.04769515991211
12.965202331542969
12.841939926147461
12.923717498779297
13.124465942382812
12.883424758911133
13.983726501464844
13.242244720458984
12.986898422241211
12.79902458190918
13.140201568603516
13.116836547851562
12.96687126159668
12.812376022338867
13.287067413330078
12.920618057250977
13.678312301635742
12.429475784301758
13.250589370727539
12.885332107543945
12.880802154541016
13.09347152709961
12.791872024536133
12.987375259399414
13.081073760986328
13.216257095336914
12.922048568725586
13.015270233154297
13.056039810180664
13.47661018371582
13.09514045715332
13.088703155517578
13.025045394897461
13.019561767578125
15.191316604614258
12.844324111938477
12.78829574584961
13.218402862548828
12.995481491088867
13.04173469543457
13.16070556640625
12.95161247253418
12.983083724975586
13.214826583862305
13.366460800170898
12.98213005065918
13.308048248291016
12.779712677001953
12.580394744873047
12.76850700378418
14.781475067138672
13.04769515991211
13.196706771850586
13.02337646484375
12.927770614624023
13.053178787231445
12.996196746826172
12.972593307495117
12.871980667114258
13.133525848388672
13.020038604736328
12.834787368774414
12.965679168701172
13.135671615600586
12.973546981811523
12.834548950195312
12.832880020141602
13.175487518310547
13.052701950073242
12.915372848510742
12.840032577514648
12.955665588378906
13.228654861450195
12.936592102050781
12.853860855102539
13.172388076782227
12.965679168701172
14.661550521850586
13.320207595825195
12.939214706420898
12.851476669311523
13.047933578491211
13.818502426147461
13.200044631958008
12.952327728271484
12.913227081298828
12.973308563232422
13.07368278503418
12.929201126098633
12.884378433227539
13.858556747436523
12.920379638671875
12.856721878051758
13.02194595336914
12.795448303222656
13.081789016723633
12.860774993896484
13.68093490600586
13.18359375
12.851476669311523
12.658357620239258
13.0157470703125
13.086318969726562
13.032674789428711
13.02957534790039
13.541698455810547
13.18812370300293
12.73202896118164
12.95924186706543
12.769699096679688
12.963294982910156
12.996196746826172
13.052701950073242
13.111114501953125
12.818336486816406
13.018131256103516
13.064146041870117
12.985467910766602
12.858390808105469
13.01264762878418
12.920618057250977
13.197898864746094
13.093948364257812
12.906074523925781
13.216972351074219
12.87841796875
13.880729675292969
13.209819793701172
13.187885284423828
13.072967529296875
12.900114059448242
12.948751449584961
13.059139251708984
13.027191162109375
12.864112854003906
12.970447540283203
13.093948364257812
12.965202331542969
12.757301330566406
12.593984603881836
12.684345245361328
12.314796447753906
12.93182373046875
12.591838836669922
12.870311737060547
12.661218643188477
12.686014175415039
12.586355209350586
13.132572174072266
12.74561882019043
12.588024139404297
12.74871826171875
12.815475463867188
12.671232223510742
12.583255767822266
12.685298919677734
14.967203140258789
13.009786605834961
13.014078140258789
13.205289840698242
13.217449188232422
12.859821319580078
13.030290603637695
13.124227523803711
12.962102890014648
12.925148010253906
12.827157974243164
13.221263885498047
12.93039321899414
12.950897216796875
13.056516647338867
12.760162353515625
12.942075729370117
12.982368469238281
13.041496276855469
12.694120407104492
12.89820671081543
12.962818145751953
13.00191879272461
12.950420379638672
13.08584213256836
13.039827346801758
13.945579528808594
13.325214385986328
13.037919998168945
12.959480285644531
12.673377990722656
12.730121612548828
12.653589248657227
12.537479400634766
13.335466384887695
12.793540954589844
12.857437133789062
12.552022933959961
12.588262557983398
12.490272521972656
12.491703033447266
12.502908706665039
13.575077056884766
12.679338455200195
12.472152709960938
12.672662734985352
12.717247009277344
12.635469436645508
13.238668441772461
12.642383575439453
13.834238052368164
13.311386108398438
12.974977493286133
13.262748718261719
13.395071029663086
13.557910919189453
13.462305068969727
13.154029846191406
13.514995574951172
13.347625732421875
13.301372528076172
13.19575309753418
13.463020324707031
13.406038284301758
13.39268684387207
13.667583465576172
13.337850570678711
13.402462005615234
13.420343399047852
13.664960861206055
13.202428817749023
13.397455215454102
13.436079025268555
13.486623764038086
13.186216354370117
13.449668884277344
13.229608535766602
13.360261917114258
14.63770866394043
13.519763946533203
13.580083847045898
13.334035873413086
13.443946838378906
13.238668441772461
13.669967651367188
13.411283493041992
13.426542282104492
13.347625732421875
13.017892837524414
12.8631591796875
12.9852294921875
13.189077377319336
13.063430786132812
12.874364852905273
12.933492660522461
12.78376579284668
12.892961502075195
12.864351272583008
13.054370880126953
12.961626052856445
13.065814971923828
12.968301773071289
13.140678405761719
13.34381103515625
12.9241943359375
12.922525405883789
12.987375259399414
13.018369674682617
12.948036193847656
12.790441513061523
12.993097305297852
13.120651245117188
12.95924186706543
12.850046157836914
12.95161247253418
12.912273406982422
12.911796569824219
12.960195541381836
12.993574142456055
12.942790985107422
12.823104858398438
12.934207916259766
12.413740158081055
12.27426528930664
13.282537460327148
13.051271438598633
13.74673843383789
12.90583610534668
12.885570526123047
13.027191162109375
12.957572937011719
13.076305389404297
13.032913208007812
13.68403434753418
13.465642929077148
13.170957565307617
12.886762619018555
12.945413589477539
13.015508651733398
13.054847717285156
12.922286987304688
14.047384262084961
13.00048828125
12.95924186706543
12.834310531616211
13.440370559692383
12.96234130859375
12.842893600463867
12.998819351196289
14.131784439086914
13.181924819946289
12.967109680175781
12.910842895507812
12.787818908691406
12.871742248535156
12.832164764404297
12.91799545288086
13.216018676757812
13.007402420043945
12.749910354614258
15.182018280029297
13.172388076782227
12.748241424560547
13.079404830932617
13.085365295410156
12.877941131591797
13.535022735595703
12.589216232299805
12.99738883972168
13.11635971069336
12.989282608032227
12.578248977661133
13.101339340209961
12.794733047485352
13.056755065917969
13.238906860351562
12.91346549987793
12.706756591796875
12.846708297729492
12.74251937866211
13.23080062866211
13.057231903076172
13.020753860473633
13.075590133666992
12.910127639770508
13.126850128173828
12.98069953918457
13.018608093261719
13.039588928222656
12.845993041992188
12.95018196105957
12.843608856201172
12.930631637573242
12.948751449584961
13.030767440795898
13.293743133544922
13.126611709594727
12.881994247436523
12.943267822265625
13.053178787231445
14.112472534179688
13.099193572998047
13.02480697631836
13.36216926574707
13.043403625488281
12.931108474731445
12.837886810302734
12.869596481323242
12.827396392822266
12.883901596069336
13.254642486572266
13.133525848388672
13.047933578491211
12.931346893310547
13.027429580688477
13.021469116210938
12.967109680175781
12.930154800415039
13.311147689819336
13.022661209106445
12.95614242553711
12.941122055053711
13.31329345703125
12.896060943603516
12.983322143554688
13.650655746459961
13.495445251464844
12.83717155456543
12.859106063842773
12.741327285766602
12.946605682373047
12.722015380859375
12.888193130493164
13.510942459106445
13.15617561340332
13.083457946777344
12.824058532714844
13.04483413696289
12.957334518432617
13.126850128173828
14.992475509643555
13.820648193359375
12.795686721801758
13.582468032836914
12.442588806152344
13.01884651184082
12.93182373046875
13.002634048461914
12.83884048461914
13.232707977294922
12.912750244140625
12.954950332641602
13.060331344604492
12.88604736328125
13.08894157409668
13.15760612487793
13.290882110595703
13.092041015625
13.027667999267578
12.981653213500977
12.907743453979492
12.945890426635742
12.848377227783203
12.986183166503906
13.046741485595703
12.964963912963867
12.253284454345703
13.35763931274414
12.964248657226562
12.914657592773438
13.168573379516602
12.951135635375977
13.218164443969727
12.77923583984375
12.900590896606445
12.776613235473633
12.84170150756836
14.684438705444336
12.938261032104492
13.049125671386719
12.899160385131836
12.93492317199707
13.379573822021484
13.019800186157227
12.786388397216797
12.899637222290039
12.95018196105957
13.23390007019043
12.984037399291992
12.877941131591797
13.122081756591797
12.92729377746582
12.852191925048828
12.858390808105469
12.971878051757812
13.193845748901367
12.942314147949219
12.85409927368164
13.107061386108398
13.056278228759766
12.893438339233398
12.932777404785156
12.835979461669922
12.96544075012207
12.970447540283203
14.82534408569336
13.092517852783203
13.081550598144531
12.852191925048828
12.869119644165039
13.349056243896484
13.072967529296875
12.931346893310547
12.79592514038086
13.278007507324219
13.056278228759766
12.925148010253906
12.774229049682617
13.231754302978516
13.309240341186523
13.337135314941406
13.016223907470703
13.118743896484375
13.113260269165039
12.861967086791992
14.002084732055664
12.736797332763672
13.025045394897461
13.002395629882812
13.208627700805664
13.02957534790039
12.910842895507812
13.040542602539062
14.144659042358398
13.041496276855469
13.042449951171875
12.986183166503906
12.897014617919922
12.891054153442383
12.941837310791016
13.570070266723633
13.309001922607422
13.033390045166016
13.018608093261719
12.900114059448242
13.028621673583984
12.954473495483398
13.025283813476562
13.90695571899414
13.21268081665039
13.135671615600586
12.962102890014648
12.865543365478516
13.904333114624023
13.001680374145508
13.017892837524414
13.32855224609375
12.942075729370117
12.912988662719727
12.675046920776367
12.965679168701172
12.54582405090332
12.808084487915039
13.014793395996094
13.243675231933594
13.031482696533203
12.897253036499023
13.050556182861328
13.129234313964844
12.840986251831055
12.926340103149414
13.055562973022461
13.164758682250977
12.887001037597656
12.833833694458008
13.543844223022461
13.06009292602539
12.964487075805664
12.975215911865234
13.022661209106445
12.993574142456055
13.036251068115234
12.912511825561523
12.93635368347168
12.95924186706543
13.10276985168457
12.912273406982422
13.173341751098633
13.020992279052734
12.986898422241211
13.107776641845703
12.858390808105469
12.981891632080078
13.16380500793457
13.01121711730957
12.959003448486328
13.938665390014648
13.000249862670898
12.83121109008789
13.059854507446289
12.986183166503906
14.501333236694336
12.995481491088867
12.852668762207031
12.935876846313477
13.076543807983398
12.962102890014648
13.023853302001953
13.05532455444336
13.073921203613281
13.071537017822266
13.037919998168945
12.927770614624023
12.96091079711914
12.91346549987793
12.843132019042969
13.102531433105469
13.065099716186523
13.075113296508789
12.876033782958984
13.083219528198242
12.954235076904297
12.910842895507812
12.884140014648438
12.912750244140625
13.599872589111328
13.132810592651367
12.865543365478516
12.579202651977539
12.395381927490234
14.184236526489258
13.005495071411133
13.55433464050293
13.324499130249023
13.060331344604492
12.932777404785156
13.213872909545898
13.136863708496094
13.193607330322266
13.022899627685547
14.077186584472656
13.177871704101562
12.979269027709961
13.057708740234375
12.900114059448242
13.113021850585938
12.963056564331055
12.88604736328125
14.014720916748047
13.042926788330078
12.832880020141602
13.326883316040039
12.988805770874023
12.999773025512695
12.95924186706543
13.077974319458008
13.040781021118164
12.987852096557617
13.049840927124023
12.87078857421875
12.919187545776367
13.029813766479492
12.907981872558594
13.013124465942383
12.987613677978516
13.144969940185547
13.084173202514648
13.156414031982422
13.20338249206543
13.27371597290039
13.129234313964844
13.000249862670898
13.382673263549805
13.733863830566406
12.94708251953125
14.795064926147461
13.313055038452148
13.07225227355957
13.278484344482422
13.073205947875977
13.151884078979492
13.044357299804688
13.05699348449707
12.870311737060547
13.146162033081055
13.174772262573242
13.211965560913086
13.062238693237305
12.862920761108398
13.115167617797852
12.924909591674805
12.860536575317383
13.077020645141602
13.152837753295898
13.041019439697266
12.999773025512695
12.821435928344727
13.067483901977539
12.929677963256836
12.813568115234375
12.953042984008789
12.960195541381836
13.024330139160156
12.861013412475586
13.064146041870117
12.943267822265625
14.04261589050293
13.18359375
12.999296188354492
13.067245483398438
12.836456298828125
13.017892837524414
13.031244277954102
12.910127639770508
13.01264762878418
12.975454330444336
12.962818145751953
13.29946517944336
13.010025024414062
12.840032577514648
13.098001480102539
12.967586517333984
12.906551361083984
12.97140121459961
14.076471328735352
13.271808624267578
12.917518615722656
13.258695602416992
13.072013854980469
14.634370803833008
12.89820671081543
12.80522346496582
13.913393020629883
14.238595962524414
13.193130493164062
12.909412384033203
13.021469116210938
12.981891632080078
12.871026992797852
13.850688934326172
13.222932815551758
13.092279434204102
13.090848922729492
13.523101806640625
13.46731185913086
13.45205307006836
13.196468353271484
14.368295669555664
13.952970504760742
13.313770294189453
13.45968246459961
13.164281845092773
13.104438781738281
12.848615646362305
13.363838195800781
13.651132583618164
13.302326202392578
13.151884078979492
13.352394104003906
13.138294219970703
13.384580612182617
13.320684432983398
13.569831848144531
13.204336166381836
13.467550277709961
13.478755950927734
13.300657272338867
13.39411735534668
13.321876525878906
13.251781463623047
13.805627822875977
13.03863525390625
13.2598876953125
13.549566268920898
13.251543045043945
12.814044952392578
12.837409973144531
13.574838638305664
13.147830963134766
13.245582580566406
13.207674026489258
13.708353042602539
13.4735107421875
13.213634490966797
12.918949127197266
13.242483139038086
12.903451919555664
11.894464492797852
12.920856475830078
13.492107391357422
13.11802864074707
13.062715530395508
13.053178787231445
12.951850891113281
13.520002365112305
10.567426681518555
9.546518325805664
9.60540771484375
9.655475616455078
10.71310043334961
12.780189514160156
13.527393341064453
13.002872467041016
13.039827346801758
13.323307037353516
13.014793395996094
12.995004653930664
12.996673583984375
12.958288192749023
13.321399688720703
13.082027435302734
12.980937957763672
12.914657592773438
12.901544570922852
12.872934341430664
13.014554977416992
12.827634811401367
13.140439987182617
13.051271438598633
12.973785400390625
13.001203536987305
12.939214706420898
13.298273086547852
13.092994689941406
13.748407363891602
13.599634170532227
13.190984725952148
13.07225227355957
12.989282608032227
13.075590133666992
12.55345344543457
13.437986373901367
13.310432434082031
14.797449111938477
13.320446014404297
13.071775436401367
13.148784637451172
12.985944747924805
12.844324111938477
14.01519775390625
13.164281845092773
12.956619262695312
12.962579727172852
13.056755065917969
13.037443161010742
12.293815612792969
12.775182723999023
14.322519302368164
12.856006622314453
12.897491455078125
12.541770935058594
12.900352478027344
13.005256652832031
13.03720474243164
13.174772262573242
13.24772834777832
13.0615234375
12.916088104248047
12.980937957763672
14.641523361206055
13.21721076965332
13.010978698730469
13.135671615600586
12.922525405883789
12.957334518432617
13.08131217956543
13.085126876831055
12.841463088989258
12.823820114135742
13.259172439575195
13.677835464477539
13.28134536743164
13.279199600219727
13.699531555175781
13.400077819824219
13.375520706176758
13.120889663696289
13.622283935546875
13.399600982666016
13.22317123413086
13.518810272216797
13.570547103881836
13.437747955322266
13.523578643798828
13.196706771850586
13.494491577148438
13.085603713989258
13.401269912719727
13.364791870117188
13.394594192504883
13.32235336303711
13.226509094238281
13.561725616455078
13.515949249267578
13.42916488647461
13.370990753173828
13.307332992553711
13.312339782714844
13.152122497558594
13.25368881225586
13.551950454711914
14.194250106811523
13.27061653137207
13.414144515991211
13.355255126953125
13.093948364257812
12.745141983032227
13.479471206665039
13.401031494140625
13.541221618652344
13.71622085571289
13.516426086425781
13.499259948730469
13.265371322631836
13.473749160766602
13.657331466674805
13.242483139038086
13.441324234008789
13.227701187133789
13.493061065673828
13.519287109375
13.336181640625
13.974428176879883
13.730049133300781
13.338565826416016
13.294458389282227
13.439178466796875
13.7786865234375
13.922929763793945
14.982461929321289
13.793230056762695
13.48114013671875
11.03663444519043
9.86170768737793
11.4593505859375
10.648250579833984
10.685443878173828
11.356115341186523
13.244390487670898
12.023210525512695
12.044429779052734
12.121200561523438
12.259483337402344
12.281656265258789
12.211084365844727
12.258768081665039
13.30709457397461
13.586282730102539
13.437747955322266
13.12398910522461
13.322114944458008
13.635396957397461
13.272523880004883
13.345003128051758
13.80300521850586
13.204574584960938
13.60630989074707
13.288736343383789
13.436079025268555
13.697385787963867
13.303756713867188
13.523578643798828
13.458967208862305
13.390302658081055
13.198137283325195
13.285160064697266
13.422250747680664
13.218164443969727
13.489246368408203
13.615131378173828
13.589143753051758
13.428211212158203
13.402223587036133
13.798236846923828
13.640880584716797
13.152122497558594
13.253927230834961
13.821601867675781
13.199567794799805
12.842655181884766
13.002395629882812
12.986421585083008
12.876033782958984
13.524770736694336
13.946056365966797
13.350963592529297
13.39864730834961
13.376951217651367
13.357400894165039
15.655994415283203
13.441324234008789
13.64588737487793
13.655900955200195
13.412237167358398
13.216972351074219
13.527154922485352
13.349771499633789
13.233184814453125
13.877630233764648
13.295173645019531
13.110160827636719
12.970447540283203
13.12112808227539
12.93802261352539
12.847423553466797
12.8631591796875
12.975454330444336
12.896299362182617
12.683629989624023
12.833356857299805
13.854265213012695
12.847185134887695
13.349294662475586
12.603998184204102
12.851715087890625
12.74251937866211
12.623071670532227
12.722969055175781
12.590885162353516
12.616157531738281
12.655019760131836
13.531208038330078
13.168573379516602
12.540578842163086
12.693643569946289
12.597799301147461
12.603521347045898
12.804031372070312
13.249874114990234
13.856172561645508
13.18979263305664
13.707160949707031
13.531684875488281
13.43393325805664
13.561010360717773
13.239145278930664
14.340877532958984
13.706445693969727
13.31949234008789
13.445138931274414
13.234376907348633
13.447046279907227
13.299703598022461
13.269901275634766
14.478921890258789
13.503313064575195
13.343095779418945
13.419628143310547
13.24605941772461
13.244390487670898
13.353824615478516
13.291358947753906
14.432430267333984
13.518571853637695
13.296365737915039
13.171195983886719
13.26441764831543
12.871503829956055
13.129949569702148
13.730764389038086
13.09347152709961
13.014078140258789
13.125896453857422
13.114690780639648
13.272523880004883
13.127565383911133
13.171672821044922
13.29946517944336
12.984991073608398
13.098716735839844
14.495849609375
12.986898422241211
12.90750503540039
12.947797775268555
13.063430786132812
12.9547119140625
12.889862060546875
12.813091278076172
13.151884078979492
13.030052185058594
12.938499450683594
12.708663940429688
13.296127319335938
13.03243637084961
13.007402420043945
12.738704681396484
14.132261276245117
13.026952743530273
12.69841194152832
12.91656494140625
13.356685638427734
13.033628463745117
12.87841796875
12.952327728271484
12.96854019165039
12.784719467163086
13.01884651184082
13.188362121582031
13.202905654907227
12.996196746826172
12.908697128295898
13.012170791625977
13.150453567504883
12.891769409179688
12.845993041992188
13.496160507202148
12.954473495483398
13.782024383544922
12.872457504272461
13.072490692138672
12.954235076904297
12.86768913269043
12.919187545776367
13.487100601196289
12.93492317199707
12.90750503540039
12.860298156738281
13.670921325683594
13.819217681884766
13.100385665893555
13.956785202026367
13.161420822143555
13.063192367553711
13.605594635009766
12.965679168701172
13.053655624389648
12.89057731628418
13.518333435058594
14.287948608398438
13.17286491394043
12.94708251953125
12.90130615234375
12.855291366577148
12.610435485839844
12.87221908569336
14.078617095947266
13.082265853881836
12.95924186706543
13.196706771850586
13.157367706298828
12.985706329345703
13.018369674682617
12.950658798217773
14.054536819458008
13.067960739135742
12.907743453979492
13.038396835327148
15.069007873535156
13.389825820922852
13.350486755371094
13.830184936523438
13.310670852661133
13.437509536743164
13.602256774902344
13.493537902832031
13.15164566040039
14.484882354736328
13.26608657836914
13.563394546508789
13.29493522644043
13.267755508422852
13.428688049316406
13.870000839233398
13.29803466796875
13.28277587890625
13.649225234985352
13.45372200012207
13.259410858154297
13.405323028564453
13.292551040649414
13.194084167480469
13.473749160766602
13.453006744384766
13.673067092895508
13.4429931640625
13.291120529174805
13.15927505493164
13.140439987182617
13.3514404296875
13.652324676513672
13.577461242675781
13.506412506103516
13.593673706054688
13.401031494140625
12.84933090209961
12.960195541381836
12.958765029907227
12.926340103149414
13.196706771850586
12.974739074707031
13.192176818847656
13.16380500793457
12.996196746826172
12.744665145874023
12.996196746826172
12.786626815795898
13.136863708496094
12.871742248535156
13.210296630859375
13.175010681152344
12.95614242553711
12.772560119628906
13.041019439697266
13.421297073364258
13.274669647216797
12.888908386230469
12.84933090209961
12.952804565429688
12.527227401733398
12.944459915161133
12.971639633178711
13.32855224609375
13.06009292602539
12.870073318481445
13.055801391601562
13.115406036376953
13.087272644042969
12.932538986206055
13.761520385742188
13.199329376220703
12.788534164428711
12.961626052856445
13.028621673583984
12.904167175292969
12.815237045288086
12.995004653930664
13.835906982421875
13.091325759887695
12.794733047485352
12.893199920654297
12.917280197143555
12.82191276550293
12.806415557861328
12.885332107543945
14.136314392089844
12.825489044189453
12.424468994140625
12.84337043762207
14.526844024658203
12.953519821166992
12.793540954589844
13.198614120483398
13.35000991821289
13.099193572998047
13.193845748901367
12.933731079101562
12.88461685180664
12.956857681274414
13.102531433105469
13.094902038574219
13.026714324951172
12.840032577514648
13.145208358764648
12.872695922851562
12.729167938232422
12.980937957763672
12.944221496582031
13.131141662597656
12.907028198242188
13.540983200073242
13.040781021118164
13.144254684448242
12.822389602661133
12.903690338134766
12.921333312988281
13.267278671264648
12.94851303100586
12.784242630004883
13.018608093261719
12.917041778564453
12.853622436523438
12.93492317199707
13.181924819946289
12.954235076904297
12.827396392822266
13.161420822143555
13.033151626586914
12.91513442993164
12.752771377563477
13.097286224365234
14.003992080688477
12.884378433227539
12.967348098754883
12.920379638671875
12.880802154541016
12.538909912109375
12.829780578613281
12.942075729370117
13.473272323608398
13.173103332519531
13.159990310668945
13.199806213378906
13.004302978515625
12.800216674804688
12.973308563232422
13.059616088867188
13.042211532592773
12.941122055053711
12.812376022338867
12.820243835449219
12.947797775268555
12.824058532714844
12.885093688964844
12.997150421142578
13.077974319458008
12.875556945800781
12.818574905395508
12.894392013549805
12.951135635375977
12.927055358886719
13.018608093261719
13.197183609008789
12.52126693725586
12.892961502075195
12.944698333740234
14.013528823852539
12.913942337036133
13.051748275756836
14.033794403076172
13.247489929199219
13.117790222167969
13.024091720581055
12.981653213500977
13.002395629882812
12.918233871459961
12.930870056152344
14.139652252197266
13.107776641845703
13.005495071411133
13.094425201416016
13.062715530395508
12.843132019042969
13.025045394897461
13.043403625488281
13.73910903930664
13.39411735534668
13.077259063720703
12.933492660522461
12.715339660644531
13.540267944335938
12.852907180786133
13.902902603149414
13.11349868774414
12.895345687866211
12.89057731628418
12.836217880249023
12.976884841918945
13.210535049438477
12.98213005065918
13.023138046264648
12.885570526123047
13.089656829833984
13.083457946777344
12.897968292236328
12.907028198242188
12.978076934814453
12.85696029663086
13.903617858886719
13.010978698730469
13.035058975219727
12.892007827758789
12.61448860168457
12.595653533935547
12.924909591674805
13.108491897583008
13.107538223266602
13.107061386108398
12.932062149047852
12.986898422241211
13.095855712890625
13.00191879272461
12.877702713012695
13.329029083251953
12.901782989501953
12.895584106445312
12.828588485717773
12.959003448486328
12.778997421264648
12.890815734863281
13.000965118408203
12.471914291381836
13.380289077758789
13.007164001464844
12.833118438720703
12.998104095458984
12.995004653930664
13.015985488891602
12.938499450683594
13.48567008972168
12.822628021240234
12.917041778564453
14.57977294921875
13.206005096435547
13.338565826416016
13.206243515014648
13.265609741210938
13.15164566040039
13.250589370727539
12.938499450683594
13.270854949951172
13.633012771606445
13.246774673461914
13.49782943725586
13.84115219116211
13.386011123657227
13.14091682434082
13.397932052612305
13.403892517089844
13.358831405639648
13.48114013671875
13.867378234863281
13.620853424072266
13.274908065795898
13.219118118286133
13.062477111816406
13.311386108398438
13.379812240600586
14.127254486083984
13.972997665405273
13.59105110168457
13.40627670288086
13.421058654785156
13.31472396850586
13.316869735717773
13.453483581542969
14.398574829101562
13.298749923706055
13.485908508300781
12.691020965576172
13.02337646484375
13.017892837524414
13.00668716430664
13.678550720214844
13.673782348632812
12.993574142456055
13.060808181762695
12.859344482421875
12.702226638793945
12.624025344848633
12.737751007080078
13.670682907104492
13.249397277832031
13.02027702331543
13.030290603637695
12.992382049560547
13.005971908569336
13.198614120483398
13.132810592651367
13.367414474487305
12.937068939208984
12.931108474731445
12.860774993896484
12.772321701049805
12.817621231079102
12.853622436523438
12.441158294677734
13.099908828735352
16.641616821289062
16.54505729675293
16.582727432250977
22.0034122467041
13.93890380859375
13.379096984863281
13.133049011230469
13.161420822143555
14.14346694946289
13.060331344604492
12.863636016845703
13.035297393798828
12.741565704345703
13.219594955444336
12.898921966552734
12.67099380493164
12.802839279174805
13.01121711730957
13.258695602416992
12.966632843017578
13.08441162109375
13.020515441894531
13.003826141357422
13.367891311645508
13.170719146728516
12.964487075805664
13.044118881225586
12.952327728271484
13.417482376098633
13.377666473388672
12.882232666015625
12.994050979614258
12.787103652954102
13.015508651733398
12.937784194946289
12.863636016845703
13.182401657104492
12.989044189453125
12.914896011352539
12.821435928344727
12.938737869262695
12.944221496582031
12.892961502075195
13.235330581665039
12.963294982910156
13.168096542358398
12.880086898803711
12.950658798217773
12.936115264892578
12.924909591674805
13.12565803527832
13.708829879760742
12.823104858398438
12.853622436523438
12.872457504272461
12.703895568847656
12.868165969848633
12.634992599487305
13.324975967407227
13.385534286499023
13.08751106262207
13.055086135864258
13.010978698730469
13.006448745727539
12.925386428833008
12.855768203735352
13.89932632446289
13.574361801147461
13.263940811157227
12.957334518432617
12.990236282348633
13.01717758178711
13.039827346801758
12.933969497680664
13.839244842529297
13.034582138061523
13.023138046264648
13.00668716430664
12.969732284545898
13.015985488891602
12.962579727172852
13.665199279785156
13.052701950073242
12.877702713012695
12.906789779663086
14.213085174560547
12.943744659423828
12.984514236450195
12.991905212402344
13.175725936889648
13.171672821044922
13.080596923828125
12.99142837524414
12.923240661621094
13.037443161010742
13.027667999267578
13.021707534790039
12.644529342651367
12.789726257324219
12.978792190551758
13.046741485595703
13.322114944458008
13.044595718383789
13.099193572998047
13.10420036315918
13.30423355102539
13.137102127075195
13.032674789428711
12.940645217895508
12.916088104248047
12.842655181884766
13.065099716186523
13.20195198059082
12.957096099853516
12.975692749023438
13.261795043945312
12.909412384033203
12.961149215698242
12.979507446289062
12.871265411376953
13.046741485595703
12.897253036499023
13.181209564208984
13.072013854980469
12.767791748046875
12.925863265991211
12.71510124206543
13.34691047668457
13.188362121582031
12.915372848510742
12.980222702026367
12.890338897705078
12.644052505493164
12.672185897827148
12.775182723999023
13.171672821044922
13.006925582885742
13.016939163208008
13.067483901977539
13.07821273803711
12.749910354614258
13.07821273803711
13.007164001464844
13.238906860351562
12.810468673706055
12.923479080200195
13.014554977416992
12.875556945800781
12.939929962158203
12.58230209350586
12.61448860168457
13.156652450561523
13.175487518310547
13.002634048461914
12.876510620117188
15.564918518066406
13.095378875732422
12.821197509765625
13.677835464477539
12.826681137084961
12.807369232177734
14.245033264160156
13.324260711669922
13.1072998046875
12.887954711914062
13.38505744934082
13.707876205444336
13.046741485595703
12.909173965454102
13.055801391601562
13.071060180664062
13.107538223266602
12.936592102050781
13.781547546386719
13.090848922729492
12.801647186279297
12.900829315185547
12.78543472290039
12.938499450683594
13.194799423217773
12.561321258544922
14.053583145141602
13.548135757446289
13.132572174072266
13.016223907470703
12.963294982910156
13.169527053833008
13.167142868041992
13.065099716186523
13.371467590332031
12.94565200805664
12.887239456176758
12.910604476928711
13.248443603515625
12.93182373046875
12.820243835449219
13.234615325927734
12.925148010253906
13.035058975219727
13.093233108520508
12.934207916259766
13.041496276855469
12.886762619018555
13.000249862670898
13.240814208984375
12.86625862121582
12.857437133789062
12.907743453979492
12.706279754638672
12.857198715209961
12.876272201538086
13.155937194824219
13.156652450561523
13.172626495361328
12.972593307495117
12.833118438720703
13.04006576538086
13.059377670288086
13.047933578491211
12.803316116333008
13.266563415527344
13.137578964233398
12.983322143554688
12.844562530517578
12.936592102050781
12.848854064941406
12.801170349121094
13.197660446166992
12.929916381835938
12.964248657226562
12.795448303222656
13.041019439697266
12.614250183105469
15.621662139892578
13.1683349609375
13.276815414428711
12.817621231079102
12.736082077026367
14.002323150634766
13.187646865844727
12.856483459472656
13.20338249206543
13.217926025390625
13.158321380615234
13.070344924926758
12.743473052978516
12.722253799438477
12.684822082519531
12.69388198852539
12.665271759033203
12.97450065612793
13.097763061523438
12.87531852722168
12.797117233276367
12.86172866821289
13.038158416748047
12.818336486816406
12.919425964355469
14.734745025634766
13.136625289916992
12.942790985107422
12.876033782958984
12.883424758911133
12.954235076904297
12.703418731689453
13.646125793457031
13.318777084350586
12.951374053955078
13.039588928222656
13.16690444946289
13.057947158813477
13.36050033569336
12.983322143554688
13.819694519042969
13.03720474243164
13.062238693237305
12.919425964355469
12.97307014465332
12.903451919555664
13.101577758789062
14.461517333984375
13.690948486328125
12.881755828857422
12.845516204833984
12.652873992919922
12.781858444213867
12.833356857299805
12.80355453491211
13.096332550048828
13.19742202758789
12.948036193847656
13.112545013427734
12.982845306396484
13.163328170776367
12.994766235351562
13.041973114013672
13.023614883422852
12.981176376342773
12.963294982910156
12.952566146850586
12.980461120605469
12.910604476928711
12.848138809204102
12.876033782958984
13.215065002441406
13.006210327148438
12.830257415771484
12.934684753417969
12.81595230102539
13.010501861572266
13.107776641845703
12.85243034362793
12.651681900024414
12.826919555664062
12.844562530517578
13.71002197265625
13.108491897583008
13.033151626586914
12.979507446289062
13.242483139038086
13.205289840698242
13.054609298706055
13.204336166381836
13.063430786132812
12.981653213500977
12.792348861694336
12.912273406982422
13.095378875732422
12.77470588684082
12.859344482421875
12.757539749145508
12.866735458374023
12.860298156738281
12.861967086791992
12.89820671081543
13.45968246459961
13.00191879272461
13.13328742980957
12.863874435424805
12.768268585205078
12.910604476928711
12.848138809204102
13.216495513916016
13.02027702331543
12.897729873657227
12.768745422363281
12.886524200439453
13.00954818725586
12.877702713012695
12.954235076904297
13.586759567260742
13.065814971923828
13.331174850463867
13.101816177368164
12.970447540283203
12.881755828857422
12.948036193847656
14.038324356079102
13.52238655090332
12.698888778686523
13.046979904174805
12.509822845458984
12.814760208129883
12.766838073730469
12.759923934936523
13.869047164916992
13.222694396972656
12.925148010253906
13.023614883422852
12.973546981811523
13.031244277954102
13.04769515991211
12.909173965454102
14.023303985595703
12.916803359985352
12.916803359985352
13.202667236328125
12.935400009155273
12.325525283813477
12.788534164428711
13.085365295410156
13.982534408569336
13.20505142211914
12.936830520629883
12.97140121459961
13.057947158813477
12.884140014648438
13.061046600341797
13.063192367553711
12.456655502319336
13.252973556518555
13.641119003295898
12.97140121459961
12.942790985107422
13.064146041870117
12.856721878051758
13.221263885498047
13.013362884521484
13.122797012329102
13.10873031616211
13.059377670288086
12.900352478027344
12.927532196044922
12.534141540527344
12.780904769897461
12.613534927368164
12.541770935058594
12.752771377563477
12.598991394042969
12.551069259643555
12.693166732788086
12.898683547973633
14.292240142822266
12.98975944519043
13.016462326049805
12.796163558959961
12.965202331542969
12.968063354492188
12.91966438293457
12.972831726074219
13.082027435302734
13.340234756469727
13.278722763061523
13.42630386352539
13.459444046020508
13.437032699584961
13.312578201293945
13.432979583740234
13.711929321289062
13.021707534790039
13.149261474609375
13.453960418701172
13.393402099609375
13.68856430053711
14.07933235168457
13.379335403442383
13.3056640625
13.247489929199219
12.913942337036133
13.164758682250977
13.365507125854492
13.206958770751953
13.562202453613281
13.284444808959961
13.027191162109375
13.014554977416992
13.273477554321289
13.323783874511719
13.318300247192383
13.437509536743164
13.830423355102539
13.497352600097656
13.446807861328125
13.430356979370117
13.385534286499023
13.478517532348633
13.159036636352539
14.470338821411133
13.360023498535156
13.027429580688477
12.963294982910156
12.895584106445312
13.02957534790039
12.915611267089844
13.573646545410156
13.26608657836914
12.906551361083984
13.872861862182617
13.105392456054688
13.009309768676758
12.918233871459961
13.032674789428711
13.842582702636719
13.0615234375
13.158559799194336
13.008832931518555
12.965679168701172
12.978076934814453
12.984275817871094
13.563156127929688
13.529539108276367
12.963294982910156
13.018131256103516
12.910127639770508
12.915372848510742
12.868404388427734
12.892484664916992
13.381242752075195
13.158559799194336
13.113260269165039
13.016939163208008
12.905359268188477
12.773275375366211
12.999773025512695
13.066530227661133
13.32998275756836
12.91203498840332
12.933492660522461
12.990236282348633
13.068199157714844
13.007402420043945
12.825727462768555
13.049125671386719
13.163089752197266
13.216257095336914
12.945175170898438
13.314008712768555
12.915849685668945
12.997627258300781
13.76485824584961
13.225078582763672
13.128042221069336
12.91513442993164
12.920141220092773
12.832403182983398
12.984991073608398
13.494491577148438
13.184070587158203
13.49020004272461
13.134479522705078
12.986898422241211
12.894868850708008
13.1072998046875
13.064384460449219
13.023614883422852
12.890338897705078
13.349056243896484
12.954950332641602
12.932777404785156
12.889862060546875
13.043880462646484
12.92872428894043
12.816190719604492
13.089895248413086
13.020515441894531
13.045310974121094
13.14544677734375
12.872457504272461
13.031721115112305
13.090133666992188
12.974262237548828
12.987852096557617
12.98975944519043
13.02790641784668
14.849424362182617
13.159513473510742
12.902259826660156
12.827157974243164
12.922525405883789
13.432502746582031
12.891292572021484
12.981414794921875
12.82644271850586
13.21721076965332
13.151407241821289
13.145923614501953
13.376474380493164
12.887001037597656
11.84701919555664
13.289451599121094
13.474464416503906
13.222455978393555
13.32712173461914
13.43536376953125
14.635562896728516
13.295412063598633
13.126373291015625
13.39101791381836
13.188600540161133
13.428211212158203
13.306140899658203
14.403581619262695
13.397693634033203
13.474464416503906
13.278007507324219
13.391494750976562
13.26131820678711
13.260364532470703
13.320207595825195
14.231681823730469
13.280153274536133
13.131856918334961
13.274192810058594
13.436079025268555
13.329505920410156
14.12820816040039
13.470888137817383
13.25678825378418
12.962818145751953
13.065099716186523
13.080596923828125
13.364791870117188
13.361692428588867
13.477802276611328
13.653755187988281
13.396024703979492
13.454198837280273
13.643026351928711
13.20505142211914
13.88096809387207
13.541221618652344
13.704776763916016
13.455390930175781
13.112545013427734
13.300418853759766
13.428688049316406
13.58175277709961
13.401031494140625
13.741016387939453
13.529777526855469
13.543844223022461
13.499259948730469
13.437509536743164
13.530492782592773
13.167858123779297
13.403177261352539
13.781070709228516
13.260841369628906
14.485836029052734
14.567375183105469
13.554096221923828
13.336181640625
13.373613357543945
13.596057891845703
13.571500778198242
13.396501541137695
13.44609260559082
13.475656509399414
13.442277908325195
13.012170791625977
13.300180435180664
13.79704475402832
13.316631317138672
13.283252716064453
13.640642166137695
13.387680053710938
13.230562210083008
13.475894927978516
14.236927032470703
13.71002197265625
13.384580612182617
13.329744338989258
13.376951217651367
13.498306274414062
13.14997673034668
13.366222381591797
13.47661018371582
13.444185256958008
13.477802276611328
13.305425643920898
13.292074203491211
13.407230377197266
13.42630386352539
14.690876007080078
13.784408569335938
13.550043106079102
13.553857803344727
13.522624969482422
13.473749160766602
14.408349990844727
14.13869857788086
13.673782348632812
13.722896575927734
13.047456741333008
13.456344604492188
13.407468795776367
13.635873794555664
13.777732849121094
14.519214630126953
13.526678085327148
13.285636901855469
13.448953628540039
13.559579849243164
13.379573822021484
13.457298278808594
14.15252685546875
13.352394104003906
13.288736343383789
13.381004333496094
13.29183578491211
13.031005859375
13.090372085571289
13.405799865722656
13.571739196777344
13.090372085571289
13.20648193359375
12.956857681274414
12.883663177490234
12.900352478027344
13.029098510742188
13.115406036376953
12.918949127197266
12.72726058959961
14.19830322265625
13.084173202514648
12.981891632080078
13.048410415649414
13.077735900878906
13.340473175048828
13.016223907470703
12.939214706420898
13.049602508544922
12.967348098754883
13.144731521606445
12.852907180786133
12.947797775268555
13.181686401367188
12.855768203735352
13.088464736938477
13.250112533569336
13.054609298706055
13.288497924804688
12.973546981811523
14.037370681762695
13.592004776000977
13.27204704284668
13.373374938964844
13.318777084350586
13.301610946655273
13.307332992553711
13.306617736816406
13.503074645996094
13.452768325805664
13.345956802368164
13.610363006591797
13.257741928100586
13.353347778320312
13.300180435180664
13.5650634765625
13.297557830810547
13.377189636230469
13.41557502746582
13.478994369506836
13.138294219970703
13.854742050170898
13.281583786010742
14.014959335327148
13.198375701904297
12.852907180786133
13.092517852783203
13.253450393676758
12.98213005065918
13.266324996948242
13.695240020751953
13.45062255859375
13.155698776245117
13.138532638549805
12.981176376342773
13.06295394897461
13.029336929321289
13.588666915893555
13.460874557495117
13.161182403564453
12.786865234375
12.89510726928711
13.050556182861328
12.964248657226562
12.87841796875
13.747930526733398
12.965917587280273
12.926816940307617
13.114690780639648
12.858390808105469
12.741804122924805
12.749433517456055
12.971162796020508
13.877153396606445
13.070106506347656
13.478517532348633
13.205528259277344
12.827396392822266
13.137102127075195
13.004779815673828
13.447284698486328
13.649225234985352
13.092994689941406
12.990951538085938
12.760400772094727
12.879133224487305
12.801647186279297
12.802839279174805
12.999296188354492
13.250350952148438
13.037443161010742
12.927055358886719
12.961387634277344
13.132572174072266
12.95018196105957
13.11492919921875
13.042449951171875
13.004064559936523
12.991905212402344
12.888431549072266
12.91036605834961
12.969493865966797
12.755870819091797
13.016462326049805
13.273239135742188
12.945413589477539
12.895584106445312
12.868642807006836
12.875795364379883
13.00811767578125
12.85099983215332
12.951135635375977
13.334512710571289
13.042688369750977
12.939691543579102
12.85243034362793
12.976884841918945
13.229131698608398
13.575077056884766
13.241767883300781
12.925386428833008
13.304710388183594
12.578248977661133
12.84933090209961
12.68458366394043
13.142824172973633
13.14234733581543
13.37885856628418
13.012409210205078
13.124227523803711
12.590169906616211
12.923717498779297
12.87221908569336
13.004541397094727
12.513160705566406
13.117790222167969
12.93182373046875
13.306617736816406
13.28587532043457
13.196945190429688
13.238668441772461
13.573169708251953
13.705968856811523
13.637065887451172
13.276338577270508
13.292789459228516
13.276100158691406
13.388872146606445
13.172149658203125
13.382434844970703
13.324737548828125
12.980461120605469
14.754533767700195
13.318300247192383
13.24915885925293
13.232946395874023
13.422727584838867
14.304399490356445
13.446807861328125
13.539314270019531
13.419866561889648
13.335704803466797
13.248205184936523
13.19742202758789
13.709068298339844
13.900041580200195
13.19742202758789
13.145923614501953
13.353109359741211
13.474702835083008
13.412714004516602
14.142036437988281
14.217138290405273
13.443708419799805
13.265848159790039
13.28420639038086
12.900352478027344
12.992620468139648
12.833356857299805
13.223648071289062
13.386249542236328
13.122797012329102
12.984752655029297
12.887716293334961
12.971162796020508
12.901544570922852
12.847900390625
13.146162033081055
13.153314590454102
12.87078857421875
12.839794158935547
13.064146041870117
13.039827346801758
13.470172882080078
12.999534606933594
13.081789016723633
13.00048828125
12.457609176635742
13.118505477905273
13.157367706298828
13.02194595336914
13.054132461547852
13.060808181762695
13.324737548828125
13.09514045715332
12.895345687866211
13.03863525390625
13.180017471313477
12.956380844116211
12.862205505371094
13.277053833007812
13.098716735839844
12.983560562133789
12.862443923950195
12.821197509765625
13.067245483398438
12.893199920654297
12.938261032104492
13.268470764160156
12.984991073608398
12.941360473632812
12.852907180786133
12.920618057250977
13.00358772277832
12.864351272583008
12.904882431030273
13.315916061401367
13.05532455444336
14.852523803710938
13.140439987182617
13.009071350097656
13.023853302001953
12.884855270385742
13.215065002441406
12.97307014465332
12.953996658325195
12.715339660644531
13.065814971923828
12.754440307617188
12.737512588500977
12.805700302124023
12.990713119506836
12.842416763305664
12.896299362182617
12.785196304321289
12.984275817871094
13.04769515991211
12.838602066040039
13.229131698608398
13.167381286621094
13.011455535888672
12.948036193847656
12.796878814697266
12.963533401489258
13.044118881225586
12.989282608032227
13.629674911499023
13.235330581665039
12.893199920654297
12.863397598266602
12.927055358886719
12.916803359985352
12.94565200805664
12.913227081298828
13.967037200927734
13.25225830078125
12.949943542480469
12.849569320678711
12.829065322875977
12.96377182006836
13.577461242675781
13.410568237304688
13.601064682006836
12.947797775268555
12.575149536132812
12.667417526245117
13.005971908569336
13.265132904052734
13.073205947875977
13.52834701538086
13.214349746704102
12.996196746826172
13.019084930419922
13.024091720581055
12.969255447387695
12.848615646362305
12.950897216796875
13.07988166809082
12.929439544677734
12.784719467163086
12.97307014465332
12.849807739257812
12.795686721801758
12.939691543579102
12.813091278076172
13.029098510742188
12.949228286743164
12.95161247253418
12.790441513061523
12.598752975463867
12.91203498840332
13.03410530090332
13.218402862548828
13.248443603515625
13.672113418579102
13.15760612487793
12.822151184082031
12.7105712890625
12.869596481323242
12.97903060913086
12.922525405883789
13.088226318359375
12.974262237548828
13.046979904174805
13.11182975769043
12.905359268188477
12.90750503540039
12.892961502075195
13.053417205810547
12.885093688964844
13.103008270263672
12.958049774169922
12.828350067138672
12.925386428833008
13.811588287353516
12.944936752319336
13.178110122680664
12.999534606933594
12.926340103149414
12.90130615234375
12.660026550292969
12.020349502563477
12.974262237548828
12.921571731567383
13.224124908447266
13.06009292602539
12.888431549072266
13.028860092163086
13.088464736938477
13.057708740234375
12.96377182006836
13.161182403564453
13.221979141235352
13.05699348449707
13.116836547851562
12.92729377746582
12.999296188354492
13.422489166259766
12.857913970947266
13.238191604614258
12.962579727172852
12.434959411621094
13.000726699829102
12.859344482421875
12.793540954589844
13.040781021118164
14.039993286132812
13.246297836303711
13.050079345703125
13.069868087768555
13.143301010131836
13.062715530395508
12.906551361083984
12.98832893371582
13.489484786987305
13.110637664794922
12.960672378540039
13.051271438598633
12.776613235473633
13.040542602539062
12.842416763305664
12.953042984008789
13.528585433959961
13.046741485595703
12.97760009765625
12.873411178588867
12.773990631103516
13.173818588256836
23.5750675201416
15.77305793762207
16.07990264892578
15.772342681884766
15.888690948486328
19.65618133544922
22.29022979736328
17.86971092224121
28.851747512817383
23.207902908325195
15.551090240478516
15.410423278808594
16.41225814819336
35.62808036804199
21.67534828186035
25.730133056640625
14.12820816040039
13.444185256958008
13.40627670288086
13.24152946472168
13.357400894165039
13.281583786010742
13.374567031860352
13.767480850219727
13.367652893066406
13.5345458984375
13.447761535644531
13.421773910522461
13.309478759765625
13.546466827392578
13.334989547729492
13.212442398071289
13.105392456054688
13.293027877807617
12.771129608154297
13.333797454833984
13.43226432800293
13.001203536987305
12.99428939819336
13.083696365356445
12.73965835571289
12.862205505371094
12.901067733764648
12.92562484741211
13.006925582885742
13.12398910522461
13.417959213256836
13.04173469543457
12.968063354492188
13.085365295410156
13.065338134765625
12.986898422241211
12.784004211425781
13.134241104125977
13.146162033081055
13.045310974121094
12.87221908569336
12.965679168701172
13.013362884521484
12.858390808105469
12.897253036499023
13.185501098632812
13.154029846191406
12.94088363647461
12.875556945800781
12.966632843017578
13.018131256103516
12.872457504272461
13.219594955444336
13.263463973999023
13.997793197631836
13.213872909545898
12.879371643066406
12.804508209228516
12.82811164855957
12.891292572021484
13.515949249267578
17.08245277404785
15.82789421081543
15.928030014038086
15.917539596557617
15.238523483276367
15.587568283081055
15.361309051513672
19.32811737060547
20.178794860839844
16.28875732421875
28.078794479370117
16.249656677246094
15.711784362792969
15.62190055847168
15.488386154174805
18.31674575805664
27.690887451171875
25.170087814331055
13.388633728027344
13.085126876831055
13.098478317260742
12.833118438720703
12.89510726928711
13.753175735473633
13.106107711791992
12.918233871459961
12.931108474731445
12.931585311889648
13.866901397705078
12.859106063842773
12.894153594970703
12.995004653930664
11.836528778076172
11.402368545532227
11.482477188110352
11.590242385864258
11.375904083251953
11.559009552001953
11.551380157470703
12.459039688110352
12.89987564086914
12.616634368896484
13.056278228759766
12.953042984008789
13.035774230957031
12.874364852905273
13.116121292114258
13.36359977722168
13.044118881225586
12.847661972045898
13.071537017822266
13.067483901977539
12.91203498840332
12.94708251953125
12.760162353515625
13.274431228637695
12.895345687866211
12.86005973815918
12.88151741027832
12.929201126098633
21.067380905151367
15.841960906982422
20.54286003112793
19.46735382080078
15.702247619628906
15.306472778320312
15.919208526611328
34.29436683654785
20.81012725830078
15.181779861450195
13.038873672485352
12.773752212524414
12.824535369873047
13.274431228637695
12.974023818969727
12.847423553466797
12.792348861694336
13.09061050415039
13.338327407836914
13.063430786132812
13.776302337646484
13.119697570800781
12.903690338134766
12.822151184082031
12.991666793823242
13.108253479003906
13.029813766479492
12.837648391723633
13.552188873291016
12.991189956665039
12.969732284545898
12.89820671081543
12.830257415771484
12.909650802612305
12.94088363647461
13.086318969726562
13.69166374206543
12.94398307800293
12.850046157836914
12.571096420288086
12.863397598266602
13.458728790283203
12.967348098754883
13.910531997680664
13.352394104003906
12.805700302124023
13.139486312866211
12.792825698852539
13.014793395996094
12.920618057250977
13.240575790405273
13.128042221069336
13.146162033081055
12.971162796020508
12.918472290039062
13.316869735717773
13.077974319458008
13.052701950073242
12.82358169555664
13.23699951171875
12.936115264892578
12.695074081420898
13.15760612487793
13.009309768676758
12.838363647460938
12.894392013549805
13.058900833129883
13.11492919921875
13.062000274658203
13.011693954467773
12.888431549072266
12.921333312988281
12.771844863891602
13.051986694335938
12.985706329345703
14.361381530761719
13.367652893066406
12.949943542480469
12.799978256225586
12.860774993896484
13.126850128173828
13.03243637084961
13.314962387084961
12.91656494140625
16.715526580810547
15.905380249023438
15.575170516967773
19.983530044555664
18.672466278076172
15.601396560668945
15.33198356628418
15.229940414428711
23.348331451416016
21.125316619873047
20.287275314331055
13.243913650512695
12.858390808105469
12.964248657226562
13.016223907470703
12.913703918457031
12.920379638671875
13.208150863647461
13.010025024414062
12.98379898071289
12.918949127197266
12.945175170898438
12.921810150146484
15.49530029296875
12.593507766723633
12.627840042114258
12.557506561279297
12.264251708984375
12.434959411621094
13.319969177246094
12.35198974609375
12.562990188598633
13.537168502807617
12.733697891235352
12.659072875976562
12.758255004882812
12.999773025512695
13.072490692138672
13.132572174072266
13.782262802124023
13.320446014404297
13.161897659301758
13.092279434204102
13.078689575195312
13.026237487792969
12.727022171020508
13.167619705200195
13.842344284057617
13.473987579345703
12.830734252929688
12.999773025512695
12.900352478027344
12.859106063842773
13.156652450561523
12.89057731628418
13.936042785644531
13.074874877929688
12.927532196044922
12.745380401611328
13.002634048461914
13.04936408996582
12.944221496582031
12.859344482421875
13.072729110717773
14.002084732055664
12.89057731628418
12.956619262695312
12.838125228881836
12.87388801574707
12.828350067138672
12.781620025634766
13.113021850585938
12.95161247253418
12.958526611328125
12.852907180786133
13.03243637084961
12.880802154541016
12.760639190673828
12.975454330444336
12.998819351196289
12.719154357910156
12.814521789550781
12.901782989501953
12.688875198364258
13.226032257080078
13.004541397094727
12.817621231079102
13.015508651733398
13.168811798095703
13.149738311767578
13.069629669189453
13.129711151123047
12.896060943603516
12.935876846313477
13.288021087646484
12.928247451782227
12.864112854003906
12.913942337036133
12.928962707519531
12.513399124145508
13.003349304199219
13.452291488647461
13.47804069519043
13.097286224365234
13.101816177368164
12.964010238647461
13.904333114624023
13.077974319458008
12.902975082397461
13.090133666992188
12.618303298950195
12.7105712890625
12.891054153442383
12.902259826660156
12.788772583007812
13.047933578491211
12.94708251953125
13.45968246459961
13.069868087768555
12.945175170898438
12.972831726074219
12.959718704223633
13.10276985168457
12.930870056152344
13.213634490966797
13.090848922729492
12.900590896606445
12.82048225402832
12.93325424194336
12.944459915161133
12.781620025634766
12.927532196044922
14.289140701293945
12.984037399291992
12.783050537109375
12.999296188354492
12.910842895507812
12.862443923950195
12.944936752319336
13.595342636108398
13.3819580078125
13.905525207519531
12.988090515136719
12.935638427734375
12.903451919555664
12.85696029663086
12.83884048461914
13.657808303833008
13.253450393676758
13.093948364257812
12.913227081298828
12.873411178588867
12.92562484741211
13.059854507446289
12.630939483642578
14.295101165771484
12.572288513183594
12.816905975341797
12.95924186706543
12.831687927246094
14.339923858642578
13.098716735839844
12.96234130859375
13.176202774047852
13.300895690917969
12.688398361206055
12.836694717407227
12.711524963378906
12.983083724975586
12.88914680480957
12.798309326171875
13.205528259277344
13.01431655883789
12.840032577514648
12.929916381835938
12.993097305297852
13.157844543457031
12.970209121704102
13.078451156616211
13.08894157409668
12.881994247436523
13.067007064819336
13.47208023071289
13.25368881225586
13.025999069213867
12.897253036499023
12.957334518432617
12.663125991821289
12.958288192749023
13.041019439697266
13.342857360839844
13.019084930419922
12.883901596069336
12.806415557861328
13.17143440246582
12.885808944702148
12.830257415771484
12.714862823486328
12.900590896606445
13.13161849975586
12.888431549072266
13.171911239624023
13.087034225463867
13.38958740234375
12.952089309692383
12.941360473632812
12.888431549072266
12.872934341430664
12.72892951965332
13.118267059326172
12.976408004760742
12.905359268188477
12.865781784057617
12.892961502075195
12.902259826660156
12.920141220092773
12.996673583984375
13.915061950683594
13.518810272216797
12.91799545288086
12.912273406982422
12.987375259399414
12.841463088989258
12.998580932617188
12.806177139282227
12.964248657226562
12.974977493286133
12.935876846313477
13.10586929321289
12.885570526123047
12.836694717407227
12.899160385131836
13.760805130004883
13.011455535888672
12.955904006958008
12.893199920654297
12.916088104248047
13.333320617675781
12.84170150756836
13.399362564086914
13.284683227539062
12.937068939208984
12.745380401611328
12.682914733886719
12.781381607055664
12.629270553588867
12.945890426635742
13.750791549682617
13.791561126708984
13.472795486450195
13.334989547729492
13.13328742980957
12.868642807006836
12.827873229980469
13.278722763061523
14.550447463989258
13.33475112915039
13.303756713867188
13.501882553100586
13.963699340820312
13.423442840576172
13.343334197998047
13.346195220947266
13.206005096435547
13.356685638427734
13.452768325805664
13.365983963012695
13.532161712646484
13.465642929077148
13.427495956420898
13.724327087402344
13.548135757446289
13.470888137817383
13.257741928100586
13.559103012084961
13.24319839477539
13.296127319335938
13.746261596679688
13.467073440551758
13.505697250366211
13.570070266723633
13.310432434082031
13.302087783813477
13.391256332397461
13.337850570678711
13.373136520385742
13.300895690917969
12.996196746826172
13.162612915039062
12.709379196166992
12.537956237792969
12.928009033203125
12.809514999389648
14.35708999633789
12.94255256652832
12.937784194946289
13.17739486694336
13.152360916137695
13.129234313964844
13.04316520690918
13.199567794799805
13.01431655883789
13.085603713989258
13.023614883422852
12.880325317382812
12.92872428894043
13.172388076782227
12.944936752319336
13.00954818725586
12.994766235351562
12.930154800415039
12.927770614624023
13.512849807739258
13.185739517211914
12.966394424438477
12.814044952392578
13.255596160888672
12.882471084594727
12.717485427856445
12.933969497680664
12.956619262695312
12.466192245483398
12.758731842041016
12.850046157836914
13.065814971923828
13.142585754394531
13.00191879272461
12.949466705322266
13.11802864074707
13.048410415649414
13.69166374206543
13.450384140014648
13.158082962036133
13.172149658203125
12.958526611328125
13.722896575927734
13.058900833129883
13.143777847290039
13.695955276489258
12.929439544677734
12.931346893310547
12.829303741455078
13.103485107421875
12.989997863769531
12.908935546875
13.048410415649414
13.81230354309082
13.004541397094727
12.99738883972168
13.198375701904297
12.945413589477539
12.789487838745117
12.737274169921875
13.025283813476562
13.426065444946289
12.944698333740234
13.057708740234375
12.712478637695312
13.085126876831055
12.897014617919922
13.085603713989258
13.257980346679688
13.406038284301758
13.078451156616211
13.249397277832031
12.91036605834961
13.141393661499023
12.953042984008789
13.002157211303711
12.948036193847656
14.702081680297852
13.00358772277832
12.975931167602539
13.01884651184082
12.82954216003418
12.845277786254883
13.138532638549805
13.20791244506836
13.336658477783203
13.009309768676758
13.042449951171875
13.544797897338867
13.219356536865234
13.254880905151367
13.475418090820312
13.669729232788086
13.57269287109375
13.158798217773438
13.478517532348633
13.656139373779297
13.086080551147461
12.94255256652832
13.213634490966797
12.96544075012207
13.181686401367188
13.408422470092773
13.314485549926758
13.226032257080078
13.349294662475586
13.422727584838867
13.637542724609375
13.269662857055664
13.12255859375
12.920856475830078
13.504743576049805
13.374805450439453
13.131380081176758
13.827323913574219
13.367176055908203
13.355255126953125
13.338088989257812
13.550043106079102
13.352394104003906
13.39864730834961
12.435197830200195
13.294696807861328
13.350248336791992
13.142585754394531
13.628244400024414
13.347864151000977
13.414859771728516
13.32402229309082
13.397455215454102
13.369560241699219
13.42463493347168
13.174295425415039
13.39864730834961
13.123512268066406
13.217687606811523
13.836145401000977
13.496875762939453
13.422250747680664
12.377738952636719
13.59105110168457
13.474225997924805
13.564348220825195
14.44101333618164
13.861417770385742
13.288259506225586
13.438224792480469
13.437986373901367
13.596534729003906
13.216018676757812
13.245820999145508
14.039993286132812
14.95814323425293
13.68093490600586
13.644218444824219
13.349294662475586
13.350248336791992
13.278484344482422
13.890504837036133
13.670921325683594
13.17453384399414
13.681650161743164
13.392925262451172
13.56053352355957
13.13328742980957
13.292312622070312
13.607025146484375
13.382434844970703
13.23080062866211
13.194561004638672
13.64445686340332
13.380050659179688
13.231992721557617
13.17286491394043
13.242721557617188
13.337850570678711
13.273954391479492
13.242721557617188
13.452529907226562
13.265848159790039
13.508796691894531
13.54360580444336
13.117551803588867
13.24605941772461
13.443231582641602
13.502120971679688
13.252019882202148
13.227224349975586
13.690710067749023
13.653039932250977
13.340473175048828
13.440370559692383
13.822793960571289
13.436555862426758
13.390064239501953
13.304710388183594
13.257980346679688
13.163328170776367
13.65804672241211
13.390302658081055
13.304948806762695
13.271808624267578
13.726234436035156
13.336420059204102
13.854503631591797
13.428211212158203
13.305187225341797
13.61989974975586
13.415813446044922
13.21864128112793
13.306140899658203
13.833284378051758
13.360261917114258
13.399600982666016
13.19122314453125
13.506412506103516
13.231754302978516
13.319253921508789
13.276815414428711
13.797521591186523
13.323545455932617
13.475656509399414
13.091802597045898
12.938499450683594
12.787818908691406
12.882709503173828
13.846397399902344
13.130664825439453
13.028860092163086
13.051271438598633
12.927055358886719
12.962102890014648
12.855052947998047
13.359308242797852
13.098716735839844
12.708902359008789
12.856721878051758
14.361381530761719
12.935400009155273
12.887001037597656
13.273239135742188
13.904094696044922
13.561487197875977
12.948274612426758
13.064384460449219
13.75436782836914
13.127326965332031
13.293981552124023
14.139890670776367
13.684749603271484
13.543128967285156
13.379096984863281
13.042449951171875
13.434886932373047
13.169288635253906
13.34238052368164
14.56308364868164
13.395547866821289
13.352632522583008
13.400077819824219
13.456583023071289
13.452768325805664
13.130903244018555
13.752937316894531
13.551712036132812
12.91036605834961
13.424396514892578
13.975858688354492
13.585567474365234
13.397455215454102
13.344526290893555
13.545989990234375
13.263940811157227
13.02957534790039
13.387918472290039
13.353347778320312
13.438940048217773
13.3209228515625
13.442277908325195
13.891220092773438
13.512372970581055
13.559818267822266
13.323307037353516
13.219594955444336
12.94708251953125
12.918233871459961
13.269662857055664
12.990713119506836
13.127565383911133
12.977123260498047
12.739419937133789
12.502670288085938
12.840747833251953
13.037681579589844
13.360023498535156
13.080835342407227
13.470649719238281
13.025760650634766
12.990951538085938
12.730121612548828
13.05842399597168
12.750864028930664
14.191627502441406
13.14091682434082
13.14401626586914
13.063907623291016
13.000726699829102
12.911796569824219
12.971162796020508
13.161897659301758
12.892723083496094
13.075828552246094
12.904882431030273
12.943506240844727
12.784481048583984
12.988567352294922
12.87221908569336
12.931108474731445
12.999534606933594
13.126373291015625
12.941837310791016
13.341665267944336
13.007640838623047
12.959480285644531
13.036489486694336
13.411283493041992
12.87078857421875
12.727737426757812
12.907743453979492
12.8173828125
12.936115264892578
13.547182083129883
13.466119766235352
13.10110092163086
13.163566589355469
12.937307357788086
12.787342071533203
12.932300567626953
13.28587532043457
13.523340225219727
