BEAGLEBONE:  IA-01RaCtrl:CO-PSCtrl-SI2
IP_ADDRESS:  10.128.101.122
BEAGLEBONE:  IA-02RaCtrl:CO-PSCtrl-SI2
IP_ADDRESS:  10.128.102.122
BEAGLEBONE:  IA-03RaCtrl:CO-PSCtrl-SI2
IP_ADDRESS:  10.128.103.122
BEAGLEBONE:  IA-04RaCtrl:CO-PSCtrl-SI2
IP_ADDRESS:  10.128.104.122
BEAGLEBONE:  IA-05RaCtrl:CO-PSCtrl-SI2
IP_ADDRESS:  10.128.105.122
BEAGLEBONE:  IA-06RaCtrl:CO-PSCtrl-SI2
IP_ADDRESS:  10.128.106.122
BEAGLEBONE:  IA-07RaCtrl:CO-PSCtrl-SI2
IP_ADDRESS:  10.128.107.122
BEAGLEBONE:  IA-08RaCtrl:CO-PSCtrl-SI2
IP_ADDRESS:  10.128.108.122
BEAGLEBONE:  IA-09RaCtrl:CO-PSCtrl-SI2
IP_ADDRESS:  10.128.109.122
BEAGLEBONE:  IA-10RaCtrl:CO-PSCtrl-SI2
IP_ADDRESS:  10.128.110.122
BEAGLEBONE:  IA-12RaCtrl:CO-PSCtrl-SI2
IP_ADDRESS:  10.128.112.122
BEAGLEBONE:  IA-13RaCtrl:CO-PSCtrl-SI2
IP_ADDRESS:  10.128.113.122
BEAGLEBONE:  IA-14RaCtrl:CO-PSCtrl-SI2
IP_ADDRESS:  10.128.114.122
BEAGLEBONE:  IA-15RaCtrl:CO-PSCtrl-SI2
IP_ADDRESS:  10.128.115.122
BEAGLEBONE:  IA-16RaCtrl:CO-PSCtrl-SI2
IP_ADDRESS:  10.128.116.122
BEAGLEBONE:  IA-17RaCtrl:CO-PSCtrl-SI2
IP_ADDRESS:  10.128.117.122
BEAGLEBONE:  IA-18RaCtrl:CO-PSCtrl-SI2
IP_ADDRESS:  10.128.118.122
BEAGLEBONE:  IA-19RaCtrl:CO-PSCtrl-SI2
IP_ADDRESS:  10.128.119.122
BEAGLEBONE:  IA-20RaCtrl:CO-PSCtrl-SI2
IP_ADDRESS:  10.128.120.122
11.757373809814453
9.25445556640625
8.874654769897461
7.692575454711914
7.422208786010742
7.658720016479492
7.701396942138672
7.641315460205078
7.458686828613281
7.620334625244141
7.436037063598633
7.496356964111328
7.294893264770508
7.8582763671875
8.591890335083008
7.638454437255859
8.45479965209961
8.673906326293945
7.425546646118164
7.351160049438477
7.620573043823242
7.472991943359375
7.61866569519043
7.720708847045898
7.53474235534668
7.432460784912109
7.394075393676758
7.252931594848633
8.051633834838867
7.555961608886719
7.751941680908203
7.896661758422852
7.523059844970703
7.813453674316406
7.711887359619141
7.597208023071289
7.44938850402832
8.155107498168945
7.293224334716797
8.076190948486328
7.740974426269531
7.439613342285156
7.62939453125
7.166147232055664
7.538557052612305
8.565187454223633
7.728815078735352
8.161306381225586
7.766008377075195
7.916450500488281
8.239507675170898
8.886575698852539
8.087158203125
7.568597793579102
8.167505264282227
7.762670516967773
8.229732513427734
7.723093032836914
7.778406143188477
7.320404052734375
9.046792984008789
8.39996337890625
9.131908416748047
7.5550079345703125
7.918596267700195
7.594585418701172
7.787466049194336
7.742404937744141
8.335590362548828
7.933139801025391
7.946491241455078
8.493423461914062
7.798433303833008
7.443428039550781
8.94784927368164
9.145736694335938
7.783174514770508
7.904052734375
7.469654083251953
7.738828659057617
7.421970367431641
9.191274642944336
8.01849365234375
8.20302963256836
8.318662643432617
8.081912994384766
8.92329216003418
7.657051086425781
8.371353149414062
8.118152618408203
7.43556022644043
7.670164108276367
7.560014724731445
16.33286476135254
47.69182205200195
41.31937026977539
42.48523712158203
43.40052604675293
41.46718978881836
39.9169921875
39.62087631225586
42.511940002441406
44.47293281555176
43.14160346984863
44.44527626037598
44.41666603088379
44.77691650390625
46.47254943847656
42.023420333862305
40.88592529296875
40.003299713134766
41.266679763793945
39.017438888549805
40.57598114013672
41.56637191772461
40.129899978637695
37.31274604797363
38.70582580566406
41.12696647644043
42.38581657409668
38.204193115234375
38.69509696960449
37.45460510253906
35.52508354187012
34.47365760803223
34.27457809448242
35.00771522521973
36.546945571899414
34.20662879943848
32.87482261657715
33.7066650390625
34.581899642944336
35.42041778564453
36.56911849975586
35.26139259338379
36.35692596435547
34.84392166137695
34.154653549194336
34.05189514160156
34.796953201293945
36.37504577636719
33.61392021179199
35.320281982421875
36.123037338256836
34.27004814147949
34.72399711608887
37.036895751953125
37.21904754638672
34.64984893798828
32.910823822021484
33.24151039123535
32.66549110412598
34.03043746948242
30.778884887695312
31.661272048950195
30.65967559814453
32.12332725524902
30.058622360229492
31.52012825012207
29.5255184173584
31.19635581970215
32.84478187561035
31.397104263305664
30.368566513061523
30.03835678100586
29.306650161743164
31.804800033569336
32.633066177368164
30.81512451171875
30.076980590820312
29.906034469604492
31.241416931152344
30.82871437072754
29.425859451293945
25.354623794555664
7.807016372680664
7.785558700561523
7.672309875488281
7.625818252563477
8.030414581298828
7.8678131103515625
8.326530456542969
8.00466537475586
7.364749908447266
8.517026901245117
8.408069610595703
7.772207260131836
7.594823837280273
7.8067779541015625
9.547710418701172
13.839483261108398
9.183645248413086
11.90328598022461
8.877277374267578
10.72549819946289
12.19034194946289
14.014482498168945
17.041921615600586
38.27834129333496
35.578250885009766
36.376953125
36.65471076965332
34.140586853027344
36.107778549194336
33.622026443481445
32.90224075317383
8.970260620117188
7.576465606689453
7.724523544311523
7.56525993347168
7.472515106201172
7.273435592651367
7.301807403564453
7.080316543579102
7.862091064453125
7.282495498657227
8.013725280761719
7.7362060546875
8.074522018432617
8.126497268676758
7.677793502807617
8.304595947265625
7.988691329956055
8.04758071899414
7.648706436157227
7.83228874206543
7.584571838378906
8.484840393066406
8.498907089233398
7.950544357299805
7.422447204589844
8.813619613647461
7.609367370605469
8.305549621582031
8.13746452331543
8.270263671875
8.39996337890625
8.712053298950195
8.847713470458984
7.522344589233398
7.456779479980469
7.619619369506836
7.695198059082031
8.357524871826172
7.928371429443359
8.094549179077148
7.602930068969727
7.410526275634766
7.541656494140625
7.623195648193359
8.069515228271484
8.14962387084961
8.208274841308594
8.193254470825195
8.367061614990234
7.905483245849609
7.792234420776367
8.038520812988281
9.047746658325195
7.965564727783203
7.838010787963867
7.353305816650391
7.843732833862305
7.900476455688477
7.50279426574707
8.451223373413086
8.456230163574219
7.956027984619141
8.300065994262695
7.6732635498046875
8.082389831542969
8.465290069580078
7.743120193481445
7.777929306030273
8.484125137329102
8.586406707763672
7.193565368652344
7.593870162963867
7.58051872253418
7.989168167114258
8.211851119995117
8.321523666381836
7.62939453125
8.027791976928711
8.643388748168945
16.65663719177246
10.625123977661133
9.51075553894043
9.206056594848633
9.24992561340332
9.999513626098633
9.987592697143555
10.17451286315918
12.551546096801758
12.358903884887695
17.236948013305664
35.03751754760742
42.46854782104492
41.61977767944336
39.433956146240234
42.18339920043945
40.40050506591797
41.69631004333496
41.19086265563965
38.55633735656738
38.777828216552734
38.39612007141113
37.82010078430176
41.92852973937988
31.267166137695312
13.557910919189453
10.407686233520508
7.805109024047852
8.741140365600586
7.845878601074219
8.116960525512695
8.082866668701172
7.992267608642578
7.6751708984375
7.920265197753906
7.750988006591797
7.514476776123047
7.414102554321289
8.00776481628418
7.327795028686523
8.441925048828125
10.789632797241211
7.8105926513671875
8.001565933227539
7.668256759643555
7.441520690917969
7.764339447021484
8.154630661010742
7.720470428466797
7.794857025146484
8.23211669921875
8.182764053344727
8.534431457519531
7.791280746459961
8.174657821655273
7.134199142456055
7.64012336730957
8.23211669921875
7.474660873413086
7.212162017822266
7.083892822265625
7.731437683105469
7.550239562988281
7.687807083129883
7.98797607421875
7.474422454833984
7.252693176269531
15.792369842529297
35.77899932861328
36.1483097076416
35.7518196105957
37.46294975280762
33.967018127441406
34.76262092590332
34.76071357727051
34.220218658447266
32.932281494140625
33.06174278259277
35.086870193481445
35.40349006652832
35.0031852722168
35.23540496826172
35.41851043701172
44.00062561035156
42.26064682006836
37.798166275024414
42.06967353820801
38.17558288574219
37.545204162597656
38.912057876586914
39.50095176696777
38.13600540161133
38.24329376220703
39.21008110046387
39.29471969604492
39.98970985412598
37.94598579406738
36.26418113708496
35.48598289489746
34.09242630004883
34.30438041687012
32.80758857727051
34.271240234375
35.620689392089844
34.31558609008789
34.70563888549805
34.32917594909668
29.077529907226562
8.63194465637207
8.036136627197266
7.850408554077148
7.879972457885742
7.992982864379883
8.101463317871094
7.622003555297852
7.99107551574707
8.423805236816406
8.387088775634766
8.712291717529297
7.849693298339844
7.71784782409668
8.122444152832031
7.943630218505859
7.418155670166016
7.376432418823242
7.807254791259766
7.971286773681641
7.638216018676758
7.786035537719727
8.018255233764648
7.45391845703125
7.539272308349609
7.394075393676758
7.281064987182617
8.028984069824219
8.432865142822266
7.580280303955078
7.51185417175293
7.772207260131836
8.123636245727539
8.097171783447266
8.138418197631836
7.6198577880859375
7.95745849609375
7.443904876708984
7.796049118041992
7.388114929199219
7.956027984619141
7.418632507324219
7.880210876464844
8.103609085083008
7.74693489074707
8.02755355834961
7.909059524536133
8.013010025024414
7.818698883056641
7.613897323608398
7.320404052734375
7.918596267700195
8.142709732055664
8.165121078491211
7.676839828491211
7.931709289550781
7.741212844848633
8.454561233520508
8.430719375610352
7.5893402099609375
7.592678070068359
7.76362419128418
7.713794708251953
7.919788360595703
7.93004035949707
7.812261581420898
8.00466537475586
7.925987243652344
7.235050201416016
7.445812225341797
7.42030143737793
8.436203002929688
7.297754287719727
8.764982223510742
15.461206436157227
11.30223274230957
14.354228973388672
11.813879013061523
12.060165405273438
22.058963775634766
28.84197235107422
39.45136070251465
37.71042823791504
38.02943229675293
37.85538673400879
38.776397705078125
38.073062896728516
39.133310317993164
40.07315635681152
38.88750076293945
40.48275947570801
40.14134407043457
40.424346923828125
40.219783782958984
37.87875175476074
37.13059425354004
38.445234298706055
37.447452545166016
38.986921310424805
41.16487503051758
39.17264938354492
39.71576690673828
37.499189376831055
36.64445877075195
39.76750373840332
39.41679000854492
38.5284423828125
39.35122489929199
38.40756416320801
37.91499137878418
40.01331329345703
40.42363166809082
38.609981536865234
39.2155647277832
39.91055488586426
39.86072540283203
39.62516784667969
34.49606895446777
34.462690353393555
34.908294677734375
34.108638763427734
33.657073974609375
35.39681434631348
34.73544120788574
33.536672592163086
33.62011909484863
33.11657905578613
35.59994697570801
36.03816032409668
35.55130958557129
35.447120666503906
35.180091857910156
35.20369529724121
35.07041931152344
35.07113456726074
34.27839279174805
34.184932708740234
32.444000244140625
32.07039833068848
34.191131591796875
34.59954261779785
36.098480224609375
36.072492599487305
34.32297706604004
35.101890563964844
33.63466262817383
33.82563591003418
31.486034393310547
29.979467391967773
29.151201248168945
30.517578125
29.803752899169922
32.3789119720459
30.751466751098633
30.254364013671875
29.792070388793945
31.31246566772461
33.73908996582031
31.86202049255371
30.492305755615234
31.615734100341797
30.162334442138672
26.379108428955078
8.034229278564453
13.22031021118164
11.65008544921875
9.504556655883789
9.461402893066406
10.827779769897461
10.640144348144531
8.108854293823242
7.53021240234375
9.214401245117188
8.80122184753418
7.794857025146484
7.825613021850586
7.512331008911133
7.92241096496582
7.713794708251953
7.768154144287109
7.4863433837890625
7.439136505126953
7.681131362915039
7.960319519042969
8.074045181274414
8.44573974609375
7.956266403198242
7.725000381469727
7.72547721862793
8.214235305786133
8.333921432495117
7.707834243774414
7.949590682983398
8.407354354858398
7.664203643798828
7.908821105957031
7.992267608642578
8.111238479614258
8.089065551757812
8.439779281616211
7.841587066650391
7.792472839355469
7.590770721435547
8.785009384155273
8.81195068359375
7.921695709228516
7.901191711425781
8.11624526977539
8.19087028503418
8.402109146118164
7.723093032836914
8.695840835571289
7.991790771484375
8.069276809692383
7.792472839355469
7.8601837158203125
8.505582809448242
7.781028747558594
8.392810821533203
8.2244873046875
7.340908050537109
8.788347244262695
8.109569549560547
7.618904113769531
8.011341094970703
7.735490798950195
7.625102996826172
7.694721221923828
7.681131362915039
7.28297233581543
8.001327514648438
7.955789566040039
7.444620132446289
7.996797561645508
7.880210876464844
9.038209915161133
7.990360260009766
7.303714752197266
7.703542709350586
9.232044219970703
8.81338119506836
8.338212966918945
7.970094680786133
7.978200912475586
7.904052734375
7.803916931152344
8.004188537597656
7.892608642578125
7.6770782470703125
7.534503936767578
7.710695266723633
7.617950439453125
8.015871047973633
8.317708969116211
7.700443267822266
7.806301116943359
9.067535400390625
7.576465606689453
7.576465606689453
8.055448532104492
7.558584213256836
7.821083068847656
7.604360580444336
7.589101791381836
8.076667785644531
8.598804473876953
8.527994155883789
8.833885192871094
8.202552795410156
7.987260818481445
8.185863494873047
7.878541946411133
7.656574249267578
7.718324661254883
7.844448089599609
7.838726043701172
7.774591445922852
7.712841033935547
8.490800857543945
8.184194564819336
7.972955703735352
8.315801620483398
7.911920547485352
8.439302444458008
7.5435638427734375
7.920980453491211
7.777214050292969
8.487701416015625
7.367610931396484
8.921146392822266
9.71531867980957
8.10551643371582
8.77833366394043
8.10384750366211
8.702278137207031
7.460832595825195
8.058786392211914
7.620573043823242
8.284807205200195
7.697343826293945
7.769584655761719
8.295297622680664
7.495880126953125
8.418798446655273
8.592367172241211
8.164405822753906
8.819103240966797
8.05211067199707
7.9936981201171875
7.828474044799805
8.231163024902344
7.972955703735352
7.912635803222656
7.71784782409668
8.18014144897461
8.228302001953125
7.899045944213867
7.866382598876953
7.400274276733398
7.399320602416992
7.262945175170898
8.027315139770508
7.310152053833008
7.564067840576172
8.679866790771484
8.720636367797852
7.82465934753418
7.383823394775391
8.24737548828125
8.075237274169922
7.549047470092773
8.708000183105469
8.47625732421875
7.844448089599609
7.886171340942383
7.776498794555664
8.356094360351562
8.969783782958984
7.360935211181641
7.827043533325195
7.681846618652344
7.9669952392578125
8.613348007202148
8.48841667175293
7.763147354125977
8.540630340576172
7.5168609619140625
7.893800735473633
8.385181427001953
7.730007171630859
7.571220397949219
7.700443267822266
7.631540298461914
8.39996337890625
8.357524871826172
7.527589797973633
8.529186248779297
7.575035095214844
7.93147087097168
8.193254470825195
8.074283599853516
7.675647735595703
7.6770782470703125
8.208751678466797
7.824182510375977
7.956266403198242
8.452653884887695
8.177995681762695
8.275032043457031
7.650852203369141
8.025407791137695
9.125947952270508
7.88116455078125
8.059978485107422
8.54349136352539
7.97724723815918
8.19540023803711
8.307933807373047
8.08095932006836
8.214235305786133
8.15582275390625
8.701086044311523
8.023738861083984
7.86590576171875
8.969306945800781
7.691383361816406
8.060216903686523
7.742166519165039
7.858753204345703
7.988452911376953
8.120059967041016
8.046627044677734
9.005308151245117
7.804155349731445
7.596731185913086
8.116960525512695
7.539510726928711
7.656574249267578
7.778167724609375
7.580041885375977
8.059501647949219
8.247613906860352
7.620096206665039
8.667707443237305
8.458375930786133
7.924318313598633
7.579326629638672
8.408784866333008
8.391141891479492
7.933616638183594
7.721424102783203
8.257627487182617
9.041547775268555
8.421659469604492
7.897853851318359
13.684272766113281
9.676694869995117
8.686065673828125
8.773088455200195
9.53221321105957
10.460138320922852
9.537220001220703
9.118318557739258
9.793519973754883
9.361028671264648
10.811090469360352
9.653329849243164
9.570121765136719
10.70547103881836
13.672351837158203
11.374235153198242
9.904861450195312
8.483648300170898
9.261608123779297
10.80465316772461
17.96722412109375
39.90530967712402
37.70780563354492
38.068532943725586
37.394046783447266
36.88478469848633
37.053823471069336
40.86804389953613
41.486263275146484
40.607452392578125
42.23203659057617
42.19865798950195
39.5357608795166
38.4979248046875
40.29679298400879
40.4362678527832
39.60585594177246
40.53092002868652
41.08905792236328
40.99464416503906
40.63129425048828
41.906118392944336
40.74382781982422
38.878440856933594
30.629634857177734
8.032560348510742
8.201122283935547
7.958412170410156
8.412361145019531
8.474111557006836
8.328914642333984
7.904767990112305
7.986307144165039
8.458375930786133
8.679866790771484
7.620096206665039
7.873058319091797
7.80487060546875
7.48443603515625
7.874965667724609
8.765697479248047
7.95292854309082
7.884740829467773
7.935523986816406
7.995367050170898
7.707357406616211
8.485078811645508
7.522344589233398
8.29005241394043
8.002042770385742
7.858037948608398
7.579565048217773
7.860660552978516
7.881402969360352
8.589744567871094
8.503437042236328
7.984638214111328
8.471488952636719
8.002042770385742
7.7877044677734375
8.122920989990234
7.634401321411133
7.544040679931641
7.3680877685546875
7.788896560668945
8.172035217285156
8.299589157104492
7.89332389831543
7.76982307434082
8.66389274597168
7.985591888427734
8.041620254516602
7.092952728271484
7.109165191650391
7.345438003540039
7.255315780639648
7.300853729248047
7.445812225341797
7.400274276733398
7.621526718139648
7.383584976196289
7.367849349975586
7.455348968505859
7.316112518310547
7.311344146728516
7.513761520385742
7.905721664428711
8.06879997253418
7.528543472290039
7.531881332397461
7.838249206542969
7.946014404296875
7.367849349975586
7.553577423095703
7.979393005371094
7.564067840576172
7.4863433837890625
7.690906524658203
7.417440414428711
7.906436920166016
7.735490798950195
7.660150527954102
7.213115692138672
7.470846176147461
7.405757904052734
7.673978805541992
7.6999664306640625
7.9898834228515625
8.084774017333984
7.697343826293945
8.260011672973633
7.701396942138672
7.582902908325195
8.016586303710938
7.747411727905273
8.275032043457031
7.752180099487305
7.282018661499023
8.046865463256836
7.848262786865234
7.892131805419922
8.021831512451172
7.708072662353516
7.631778717041016
7.844686508178711
8.147478103637695
8.218765258789062
8.18490982055664
7.318019866943359
7.419824600219727
7.834911346435547
8.07809829711914
8.097171783447266
7.7304840087890625
8.03065299987793
15.005350112915039
10.383129119873047
12.498617172241211
18.474578857421875
24.515390396118164
21.204471588134766
12.420415878295898
8.777856826782227
10.132312774658203
12.110710144042969
12.942314147949219
8.821487426757812
8.407831192016602
8.678197860717773
8.556604385375977
7.451772689819336
8.005857467651367
8.801698684692383
7.91621208190918
7.763385772705078
8.074522018432617
7.963657379150391
7.85064697265625
7.292509078979492
7.829427719116211
7.921457290649414
7.935762405395508
7.628440856933594
8.233785629272461
8.403539657592773
7.642984390258789
8.09335708618164
8.46409797668457
8.260726928710938
8.095502853393555
8.311271667480469
7.729530334472656
7.420778274536133
7.800102233886719
7.6732635498046875
7.747888565063477
7.674932479858398
7.291078567504883
7.537126541137695
7.498502731323242
8.556365966796875
7.654905319213867
7.517576217651367
7.2307586669921875
7.839202880859375
7.454395294189453
8.082389831542969
7.591724395751953
8.41069221496582
8.11624526977539
8.023262023925781
7.811546325683594
7.898569107055664
7.347583770751953
7.697105407714844
7.5206756591796875
7.730722427368164
7.683515548706055
7.483005523681641
7.541894912719727
8.170843124389648
7.479190826416016
7.615804672241211
8.57090950012207
7.753849029541016
8.001327514648438
8.387327194213867
7.973194122314453
7.9193115234375
8.168697357177734
8.166074752807617
8.348941802978516
8.12840461730957
7.830619812011719
7.696628570556641
7.8601837158203125
8.479833602905273
7.813692092895508
8.894205093383789
8.774518966674805
8.395195007324219
8.176565170288086
8.25810432434082
8.435249328613281
8.008003234863281
8.245229721069336
8.171796798706055
7.842779159545898
7.676362991333008
7.955074310302734
7.781505584716797
8.698463439941406
7.556915283203125
7.97581672668457
8.181095123291016
8.277177810668945
8.38613510131836
8.554697036743164
7.468700408935547
7.541179656982422
7.871150970458984
7.200002670288086
7.821321487426758
7.814168930053711
7.794618606567383
8.794307708740234
8.389472961425781
7.439851760864258
7.999181747436523
8.584976196289062
8.494138717651367
7.605791091918945
7.656335830688477
7.775068283081055
8.880615234375
13.405084609985352
9.116411209106445
9.003877639770508
8.350849151611328
9.376049041748047
9.637832641601562
10.058164596557617
7.996797561645508
7.585763931274414
7.373571395874023
8.774042129516602
10.434150695800781
18.661975860595703
43.63751411437988
41.100502014160156
42.28568077087402
40.975093841552734
38.38920593261719
39.22295570373535
40.048837661743164
39.88504409790039
39.41202163696289
39.64686393737793
41.40949249267578
40.64679145812988
39.655447006225586
39.1697883605957
37.8870964050293
38.50841522216797
39.91866111755371
37.05096244812012
38.88559341430664
39.93058204650879
38.10381889343262
39.11423683166504
42.18554496765137
38.28930854797363
40.184974670410156
39.865732192993164
38.89203071594238
38.369178771972656
40.22526741027832
39.97302055358887
39.49928283691406
36.46039962768555
33.8895320892334
35.98189353942871
35.60447692871094
36.237478256225586
34.67845916748047
35.18080711364746
33.62870216369629
33.27488899230957
35.96186637878418
36.85355186462402
35.95900535583496
35.76517105102539
34.667253494262695
33.963680267333984
35.160064697265625
35.31670570373535
35.73966026306152
33.79321098327637
32.567739486694336
34.10196304321289
34.421682357788086
33.25343132019043
27.185440063476562
9.923696517944336
9.488582611083984
8.708953857421875
7.927656173706055
7.611989974975586
7.508516311645508
7.8144073486328125
8.67152214050293
8.297443389892578
7.732152938842773
7.762432098388672
7.478952407836914
7.740974426269531
8.425235748291016
8.570432662963867
7.512807846069336
8.100748062133789
8.18324089050293
7.45081901550293
8.08858871459961
8.638381958007812
7.999420166015625
7.863283157348633
7.283449172973633
7.18998908996582
7.381916046142578
8.101463317871094
7.512807846069336
7.757425308227539
7.79414176940918
8.024930953979492
7.301807403564453
7.282733917236328
7.323026657104492
7.520437240600586
8.451461791992188
8.932828903198242
7.974386215209961
7.544517517089844
7.6503753662109375
7.780790328979492
8.697509765625
8.166074752807617
7.825374603271484
7.77888298034668
7.836341857910156
7.446527481079102
7.616519927978516
7.754325866699219
7.716655731201172
7.587194442749023
7.308244705200195
7.720470428466797
8.414745330810547
7.531881332397461
7.428884506225586
7.517099380493164
7.527351379394531
7.484674453735352
7.811784744262695
7.477760314941406
7.588386535644531
6.986379623413086
7.133007049560547
7.412910461425781
7.851600646972656
8.188724517822266
7.645130157470703
7.4214935302734375
7.463932037353516
7.219552993774414
7.780313491821289
7.807254791259766
7.855415344238281
8.643865585327148
8.078813552856445
7.880687713623047
7.676601409912109
7.499456405639648
9.505987167358398
7.72547721862793
7.823705673217773
8.85319709777832
8.153200149536133
9.167909622192383
8.158445358276367
8.34798812866211
8.224964141845703
7.609844207763672
8.022785186767578
8.131027221679688
8.405685424804688
7.779359817504883
8.18943977355957
8.18181037902832
7.9097747802734375
7.658481597900391
8.11910629272461
7.983922958374023
8.121252059936523
7.936000823974609
7.772684097290039
8.436441421508789
7.668972015380859
7.901668548583984
8.210182189941406
8.1329345703125
7.819175720214844
8.18490982055664
10.06174087524414
10.654926300048828
8.70370864868164
7.539272308349609
7.646322250366211
8.027076721191406
8.049488067626953
15.61117172241211
11.161088943481445
7.90095329284668
7.362604141235352
8.062601089477539
7.8258514404296875
14.638185501098633
18.38517189025879
17.086029052734375
31.9216251373291
40.70281982421875
40.743112564086914
41.23878479003906
40.921926498413086
41.81814193725586
40.99774360656738
38.251638412475586
38.306236267089844
39.911746978759766
38.941144943237305
43.656349182128906
39.51549530029297
39.95394706726074
38.50817680358887
37.56880760192871
39.71123695373535
34.68513488769531
35.50863265991211
35.03823280334473
35.254716873168945
39.45469856262207
38.59353065490723
39.585113525390625
40.109872817993164
13.815641403198242
8.043050765991211
8.133649826049805
8.237838745117188
7.903814315795898
7.687807083129883
7.907390594482422
7.828474044799805
8.401870727539062
8.029699325561523
8.081436157226562
7.882833480834961
7.892131805419922
7.832050323486328
8.142948150634766
8.164405822753906
8.324384689331055
8.016347885131836
8.111715316772461
8.422374725341797
7.941722869873047
8.264303207397461
7.941484451293945
7.40814208984375
7.691144943237305
7.761716842651367
7.507801055908203
8.108139038085938
7.647514343261719
7.80797004699707
7.993459701538086
7.490396499633789
7.691621780395508
8.119821548461914
7.861852645874023
8.630752563476562
7.976055145263672
7.652759552001953
7.463932037353516
7.486820220947266
8.010387420654297
9.322881698608398
8.519172668457031
8.036613464355469
7.903575897216797
7.815122604370117
8.96906852722168
8.142709732055664
7.773160934448242
7.886171340942383
7.479190826416016
8.670806884765625
7.854223251342773
7.467508316040039
8.09335708618164
7.543087005615234
7.92694091796875
8.243799209594727
8.056640625
7.285356521606445
7.664203643798828
8.350610733032227
8.487939834594727
8.281946182250977
7.981538772583008
8.165121078491211
7.819175720214844
7.541179656982422
7.73930549621582
7.966518402099609
7.900238037109375
7.920980453491211
7.92241096496582
7.406473159790039
7.666587829589844
8.370161056518555
8.008241653442383
8.615493774414062
8.291244506835938
7.8887939453125
7.490634918212891
8.049964904785156
8.245468139648438
8.718729019165039
7.659435272216797
7.628440856933594
7.601499557495117
7.610082626342773
8.209466934204102
7.871866226196289
8.544683456420898
7.912397384643555
8.383989334106445
7.584333419799805
7.666349411010742
8.275985717773438
8.877038955688477
9.362220764160156
7.965087890625
8.491277694702148
7.882356643676758
7.691144943237305
7.647037506103516
7.5740814208984375
7.345438003540039
7.449150085449219
7.956743240356445
7.504940032958984
7.738351821899414
8.05807113647461
7.622957229614258
14.223337173461914
40.129661560058594
38.75541687011719
39.74342346191406
39.96086120605469
37.998199462890625
37.48965263366699
39.44706916809082
37.55784034729004
37.099361419677734
38.874149322509766
38.98143768310547
38.91253471374512
39.57509994506836
40.15827178955078
39.10517692565918
39.24274444580078
40.21716117858887
39.65926170349121
39.29400444030762
38.40208053588867
38.46120834350586
38.81096839904785
41.01848602294922
40.86947441101074
40.700435638427734
41.55278205871582
39.099693298339844
39.73841667175293
37.906646728515625
39.510488510131836
39.22724723815918
39.60824012756348
40.21000862121582
34.96074676513672
36.00740432739258
19.16646957397461
7.920026779174805
7.856845855712891
7.739782333374023
8.083820343017578
8.753061294555664
7.308721542358398
7.507801055908203
7.747411727905273
8.089065551757812
8.031129837036133
7.915735244750977
7.739543914794922
8.483171463012695
8.733749389648438
7.559061050415039
8.42905044555664
8.64720344543457
7.628917694091797
7.668733596801758
7.559061050415039
7.700443267822266
7.353305816650391
7.602930068969727
7.424831390380859
7.928371429443359
7.505893707275391
7.708072662353516
7.393121719360352
7.4214935302734375
7.94672966003418
7.903099060058594
8.35108757019043
7.459878921508789
7.460355758666992
8.093595504760742
7.2174072265625
7.577180862426758
7.570505142211914
6.989955902099609
7.264375686645508
7.342338562011719
7.784843444824219
7.657766342163086
8.042335510253906
7.442712783813477
7.851839065551758
7.909536361694336
7.4405670166015625
7.355690002441406
7.690906524658203
8.350849151611328
7.773637771606445
8.040428161621094
7.777929306030273
7.627725601196289
7.713556289672852
8.219480514526367
8.272647857666016
7.877826690673828
8.346796035766602
8.091211318969727
7.746696472167969
8.083105087280273
8.776187896728516
7.515192031860352
8.265972137451172
8.29005241394043
7.721900939941406
7.74836540222168
8.118152618408203
7.449865341186523
7.43865966796875
8.158683776855469
7.602930068969727
7.675647735595703
7.905006408691406
7.627964019775391
7.629632949829102
7.640600204467773
7.513999938964844
14.573097229003906
9.944438934326172
13.102531433105469
9.97471809387207
10.678529739379883
10.813474655151367
8.339881896972656
8.429288864135742
9.631872177124023
14.924764633178711
38.27524185180664
40.26293754577637
34.38138961791992
34.38067436218262
33.83779525756836
34.58428382873535
33.835411071777344
35.28261184692383
36.11612319946289
33.24294090270996
35.170555114746094
35.5226993560791
35.9494686126709
36.943674087524414
38.240909576416016
35.310983657836914
34.74998474121094
32.498836517333984
32.94539451599121
33.15162658691406
32.92417526245117
34.25407409667969
33.5850715637207
35.678863525390625
33.944129943847656
42.1452522277832
37.41168975830078
35.117387771606445
35.207509994506836
35.379886627197266
35.92562675476074
34.4696044921875
34.221649169921875
33.92481803894043
30.5783748626709
8.823633193969727
8.059263229370117
9.154081344604492
8.41832160949707
7.957696914672852
8.09168815612793
7.855415344238281
8.137702941894531
8.73112678527832
8.145809173583984
8.09168815612793
7.454633712768555
7.669687271118164
7.845401763916016
9.022712707519531
7.742404937744141
8.045434951782227
7.681846618652344
7.87353515625
7.828235626220703
7.609367370605469
8.213281631469727
9.042978286743164
8.032083511352539
8.219718933105469
7.87806510925293
7.860422134399414
7.750272750854492
8.127927780151367
7.697820663452148
7.371664047241211
7.722616195678711
7.903814315795898
7.588863372802734
8.268594741821289
7.400274276733398
7.734775543212891
7.694005966186523
8.114099502563477
8.56471061706543
8.57996940612793
7.926702499389648
7.470846176147461
8.593559265136719
8.319377899169922
7.791757583618164
7.659673690795898
7.8907012939453125
8.75997543334961
7.819890975952148
7.980108261108398
7.741451263427734
7.844209671020508
8.523941040039062
7.8258514404296875
9.804725646972656
7.818460464477539
7.343769073486328
8.19253921508789
7.917881011962891
8.412599563598633
8.047819137573242
7.188558578491211
7.701873779296875
7.636547088623047
7.791280746459961
8.08095932006836
8.458614349365234
7.576942443847656
7.477998733520508
7.861852645874023
8.48841667175293
8.644819259643555
7.620334625244141
7.6656341552734375
8.248567581176758
8.08858871459961
8.043289184570312
7.772922515869141
8.499383926391602
7.581949234008789
8.114814758300781
7.714271545410156
7.715702056884766
8.257865905761719
9.890556335449219
10.213613510131836
9.473800659179688
8.121728897094727
7.447481155395508
7.99250602722168
7.851362228393555
7.8983306884765625
8.275747299194336
7.9822540283203125
7.849454879760742
11.563777923583984
8.972406387329102
11.03067398071289
9.987592697143555
11.359930038452148
14.444828033447266
13.840913772583008
13.295412063598633
11.759519577026367
8.039236068725586
8.769750595092773
23.679256439208984
16.463279724121094
17.653942108154297
16.272783279418945
28.750181198120117
40.22645950317383
37.09912300109863
36.8955135345459
36.82994842529297
37.11247444152832
37.80674934387207
38.88297080993652
40.022850036621094
38.909912109375
38.88750076293945
38.85626792907715
38.47908973693848
38.85841369628906
39.8106575012207
39.45302963256836
40.09699821472168
38.71607780456543
39.23797607421875
40.28439521789551
39.1080379486084
41.112422943115234
40.53664207458496
39.21866416931152
37.43433952331543
37.43386268615723
38.32530975341797
39.56127166748047
41.0161018371582
39.8104190826416
39.62349891662598
40.44747352600098
39.382219314575195
38.61212730407715
37.839651107788086
39.37244415283203
40.91238975524902
40.77601432800293
34.6226692199707
34.165143966674805
34.393310546875
33.91838073730469
34.31510925292969
33.319711685180664
33.39028358459473
34.2404842376709
34.13200378417969
34.5158576965332
35.21156311035156
34.51037406921387
34.23452377319336
35.12763977050781
36.3309383392334
36.1025333404541
36.19074821472168
35.16745567321777
34.136295318603516
34.407615661621094
34.658193588256836
33.74910354614258
34.13796424865723
32.99856185913086
35.750389099121094
32.14669227600098
32.03582763671875
32.70578384399414
30.0443172454834
29.837608337402344
28.664827346801758
30.90357780456543
31.25166893005371
15.094280242919922
8.181095123291016
8.105993270874023
7.476806640625
7.875680923461914
8.100748062133789
7.957220077514648
7.908105850219727
8.623123168945312
7.940769195556641
7.773876190185547
8.291006088256836
7.322788238525391
7.539033889770508
7.80487060546875
7.747173309326172
7.48896598815918
7.827997207641602
7.714033126831055
7.458209991455078
7.909297943115234
14.614343643188477
31.836748123168945
30.870676040649414
31.601667404174805
31.783103942871094
30.673742294311523
30.48563003540039
33.54835510253906
32.32312202453613
27.55117416381836
8.771181106567383
8.073806762695312
8.205413818359375
8.011817932128906
8.437156677246094
7.866382598876953
8.364677429199219
8.85009765625
8.064508438110352
8.038997650146484
8.026599884033203
7.929801940917969
8.98122787475586
8.488178253173828
8.013486862182617
7.979631423950195
7.611513137817383
7.840394973754883
7.684230804443359
7.393836975097656
8.003473281860352
8.280277252197266
7.900476455688477
7.483243942260742
7.516622543334961
7.827281951904297
8.375167846679688
7.859230041503906
7.998466491699219
7.631540298461914
7.592201232910156
7.387399673461914
7.51805305480957
7.311820983886719
7.808446884155273
7.697582244873047
7.881402969360352
7.516384124755859
8.085966110229492
7.7457427978515625
7.482290267944336
7.544755935668945
7.6904296875
7.240056991577148
7.598638534545898
7.57908821105957
8.034229278564453
7.726430892944336
7.371425628662109
7.44318962097168
7.843017578125
7.9021453857421875
7.896900177001953
7.875919342041016
8.018016815185547
8.049249649047852
7.761716842651367
8.039474487304688
7.720708847045898
7.225751876831055
7.514238357543945
7.859706878662109
7.8582763671875
7.907390594482422
8.160114288330078
7.691621780395508
7.840394973754883
8.306026458740234
8.34965705871582
8.156061172485352
7.817983627319336
7.837533950805664
7.1659088134765625
7.491111755371094
7.475137710571289
7.532596588134766
7.526397705078125
7.652997970581055
7.294178009033203
7.653951644897461
7.937192916870117
7.603168487548828
7.60340690612793
7.433891296386719
8.231163024902344
7.544279098510742
7.803440093994141
7.626056671142578
7.474422454833984
7.653951644897461
7.606744766235352
8.309364318847656
16.55721664428711
38.451433181762695
35.07351875305176
34.29603576660156
34.39736366271973
34.98578071594238
33.55216979980469
34.242868423461914
34.194231033325195
35.080909729003906
34.00731086730957
34.22236442565918
35.27545928955078
33.49423408508301
35.45236587524414
36.90695762634277
35.04204750061035
34.58070755004883
35.1102352142334
34.26480293273926
35.016775131225586
33.96105766296387
32.373666763305664
34.59286689758301
33.386945724487305
36.03982925415039
33.753395080566406
33.028364181518555
34.66606140136719
38.188934326171875
23.526906967163086
9.813308715820312
9.325981140136719
12.105464935302734
12.103557586669922
10.764598846435547
8.65030288696289
15.13981819152832
12.261629104614258
13.774871826171875
9.031534194946289
8.239984512329102
8.759260177612305
16.37125015258789
10.755777359008789
9.079456329345703
15.199899673461914
10.362863540649414
7.71331787109375
7.928371429443359
7.536411285400391
7.454872131347656
7.247209548950195
8.185625076293945
7.654905319213867
7.624626159667969
8.419036865234375
7.843017578125
7.644414901733398
7.534027099609375
8.013486862182617
8.50820541381836
7.925510406494141
7.605075836181641
8.315324783325195
7.639169692993164
8.072614669799805
7.27081298828125
7.972002029418945
7.779598236083984
8.173227310180664
9.433746337890625
7.999420166015625
8.037328720092773
8.327245712280273
7.882595062255859
8.020401000976562
7.881641387939453
7.396459579467773
8.335113525390625
7.246971130371094
7.548809051513672
8.343935012817383
8.126258850097656
7.793664932250977
7.750749588012695
8.718729019165039
7.731199264526367
7.90715217590332
7.666110992431641
8.044719696044922
7.911920547485352
7.602214813232422
8.268356323242188
7.783174514770508
7.912397384643555
8.136749267578125
8.191823959350586
8.969783782958984
8.430719375610352
7.802248001098633
7.41267204284668
7.756710052490234
7.5893402099609375
7.666587829589844
7.77888298034668
7.889986038208008
7.859706878662109
7.451772689819336
7.433652877807617
8.126974105834961
7.95745849609375
7.875204086303711
7.49969482421875
7.52711296081543
7.081031799316406
7.251501083374023
7.971286773681641
7.769107818603516
7.494449615478516
7.26628303527832
7.578611373901367
7.493019104003906
7.49516487121582
8.008480072021484
7.683992385864258
7.6694488525390625
7.647037506103516
7.387638092041016
7.72857666015625
8.176803588867188
7.946252822875977
7.812738418579102
7.611751556396484
7.084846496582031
7.526874542236328
7.279872894287109
7.2021484375
7.67207145690918
7.83085823059082
8.005380630493164
7.339239120483398
7.342338562011719
8.356809616088867
7.75909423828125
7.816076278686523
7.720232009887695
7.688045501708984
12.104511260986328
8.904695510864258
8.517265319824219
8.574247360229492
12.639760971069336
11.020898818969727
13.113975524902344
15.578985214233398
21.663427352905273
13.726472854614258
41.01967811584473
39.206743240356445
38.24567794799805
39.50977325439453
39.418935775756836
39.26229476928711
40.608882904052734
39.000749588012695
40.50779342651367
43.456077575683594
41.09025001525879
38.77615928649902
38.460493087768555
42.05918312072754
42.226314544677734
39.45207595825195
38.41447830200195
35.942792892456055
36.92340850830078
40.29273986816406
34.734249114990234
34.06834602355957
36.92197799682617
36.197662353515625
35.059452056884766
37.22858428955078
36.00311279296875
33.594369888305664
34.42740440368652
36.37981414794922
35.00771522521973
35.44211387634277
36.193132400512695
35.84694862365723
37.1556282043457
36.397695541381836
35.52389144897461
34.38067436218262
34.33990478515625
32.61113166809082
33.458709716796875
35.04753112792969
33.44273567199707
33.640146255493164
34.226179122924805
32.468557357788086
13.026714324951172
8.513927459716797
8.124828338623047
7.439136505126953
8.46719741821289
7.939577102661133
8.439064025878906
8.605003356933594
8.110284805297852
7.808208465576172
7.9212188720703125
8.866310119628906
7.93004035949707
8.098125457763672
7.990360260009766
7.569789886474609
7.60960578918457
7.919549942016602
7.4176788330078125
8.470296859741211
7.69805908203125
8.610725402832031
7.796049118041992
8.957862854003906
12.948274612426758
9.24372673034668
8.344650268554688
7.900714874267578
7.7056884765625
7.6999664306640625
8.590936660766602
8.062124252319336
8.585691452026367
8.198738098144531
12.75634765625
16.218900680541992
35.330772399902344
19.77229118347168
7.920742034912109
9.006738662719727
12.332439422607422
10.16855239868164
10.178565979003906
11.905908584594727
13.469934463500977
11.631965637207031
10.482072830200195
8.571624755859375
10.766029357910156
9.85860824584961
8.606672286987305
10.069131851196289
10.185003280639648
7.940530776977539
9.972810745239258
12.209892272949219
9.655237197875977
10.045051574707031
9.372234344482422
10.833263397216797
9.53817367553711
10.072469711303711
10.544061660766602
10.823488235473633
11.093854904174805
10.298728942871094
9.026288986206055
11.858463287353516
12.261152267456055
36.47446632385254
35.36033630371094
32.653093338012695
35.68577766418457
34.88445281982422
32.3328971862793
33.07366371154785
35.71510314941406
35.06970405578613
33.2338809967041
36.69381141662598
35.41088104248047
34.90185737609863
35.79521179199219
36.194801330566406
34.501075744628906
34.94524955749512
33.971309661865234
35.84933280944824
35.698890686035156
35.82310676574707
35.045623779296875
34.2862606048584
33.10084342956543
33.2484245300293
33.96344184875488
35.81070899963379
35.64000129699707
35.173654556274414
35.90106964111328
35.985469818115234
34.1949462890625
32.81807899475098
31.5854549407959
32.66453742980957
33.9663028717041
34.757375717163086
35.09330749511719
33.89716148376465
14.527082443237305
8.024215698242188
8.473396301269531
7.934331893920898
7.725715637207031
7.719516754150391
7.990837097167969
7.860660552978516
7.896900177001953
7.75599479675293
7.783412933349609
8.05211067199707
8.729219436645508
8.713722229003906
9.007930755615234
7.9975128173828125
7.985591888427734
7.900238037109375
7.691144943237305
8.027315139770508
8.870601654052734
12.61281967163086
8.913040161132812
8.067607879638672
8.051395416259766
8.051395416259766
7.9135894775390625
8.150339126586914
8.572578430175781
8.213043212890625
19.822120666503906
8.812189102172852
10.480880737304688
36.53097152709961
35.25233268737793
34.3778133392334
34.55829620361328
33.2636833190918
32.227516174316406
35.45641899108887
35.091400146484375
35.80927848815918
36.07678413391113
35.69817543029785
34.90567207336426
35.13956069946289
35.09378433227539
36.78083419799805
31.797409057617188
8.994579315185547
9.810924530029297
8.36944580078125
7.576465606689453
7.429838180541992
7.537126541137695
7.866144180297852
7.6580047607421875
7.556438446044922
8.18490982055664
7.848024368286133
8.114814758300781
8.06736946105957
8.363723754882812
8.376598358154297
8.10551643371582
7.339715957641602
7.900714874267578
7.757663726806641
7.929563522338867
7.670164108276367
8.005619049072266
7.915019989013672
7.721662521362305
8.310079574584961
8.319377899169922
8.254766464233398
8.142232894897461
7.503271102905273
7.330179214477539
7.568836212158203
7.227897644042969
7.654666900634766
7.323265075683594
7.5855255126953125
8.417129516601562
7.902860641479492
7.549524307250977
7.811307907104492
8.012771606445312
8.107423782348633
9.763002395629883
7.914543151855469
7.613658905029297
9.257316589355469
8.019685745239258
7.3490142822265625
7.803440093994141
7.55620002746582
8.347272872924805
7.779121398925781
8.030414581298828
7.859706878662109
7.980108261108398
7.662296295166016
7.813692092895508
8.142471313476562
7.915258407592773
7.7972412109375
7.810115814208984
7.481098175048828
8.529901504516602
8.200883865356445
7.187128067016602
7.820606231689453
7.697343826293945
7.371425628662109
8.022069931030273
8.759021759033203
9.510517120361328
8.71586799621582
7.346391677856445
7.711172103881836
7.825374603271484
7.624149322509766
7.828235626220703
8.183717727661133
8.170843124389648
47.73402214050293
10.216474533081055
8.07809829711914
8.027315139770508
7.877588272094727
7.653713226318359
7.620573043823242
7.462024688720703
7.282733917236328
7.409811019897461
7.31968879699707
8.262157440185547
8.034944534301758
8.213996887207031
7.869482040405273
7.701635360717773
7.309913635253906
7.941246032714844
7.45081901550293
7.65538215637207
7.5626373291015625
7.64012336730957
7.395267486572266
8.020877838134766
8.257627487182617
8.371114730834961
7.89952278137207
7.828474044799805
7.845878601074219
8.115768432617188
8.618354797363281
8.571624755859375
8.040189743041992
7.689237594604492
7.946252822875977
8.629083633422852
7.6007843017578125
7.848024368286133
8.401632308959961
7.75599479675293
8.565902709960938
7.7648162841796875
8.045673370361328
7.811069488525391
7.876396179199219
7.941007614135742
7.999420166015625
8.119821548461914
8.319616317749023
7.78651237487793
7.902383804321289
7.570981979370117
7.656335830688477
7.864475250244141
9.213685989379883
7.988691329956055
8.183479309082031
7.861614227294922
7.636785507202148
8.12077522277832
7.379293441772461
7.655620574951172
7.771492004394531
7.9784393310546875
8.03828239440918
7.770061492919922
8.916616439819336
8.126258850097656
8.219718933105469
8.851051330566406
7.829427719116211
7.475852966308594
7.550716400146484
7.573127746582031
7.9669952392578125
8.226394653320312
7.714509963989258
7.957220077514648
7.953166961669922
7.793903350830078
7.473945617675781
7.99560546875
8.32509994506836
8.565187454223633
7.647275924682617
14.040470123291016
9.934425354003906
13.209342956542969
17.298460006713867
20.238637924194336
26.579618453979492
36.956071853637695
33.52713584899902
32.08470344543457
31.505823135375977
31.23617172241211
29.990673065185547
32.3796272277832
31.306982040405273
31.33559226989746
32.09066390991211
31.24523162841797
31.235933303833008
31.985759735107422
31.67867660522461
30.975818634033203
26.437997817993164
8.267641067504883
8.863210678100586
8.623838424682617
8.158445358276367
7.5016021728515625
7.856607437133789
7.918596267700195
7.721424102783203
8.163690567016602
7.799863815307617
7.604122161865234
8.15272331237793
7.804393768310547
8.014917373657227
8.241415023803711
7.915973663330078
7.946491241455078
7.268428802490234
7.785797119140625
7.536172866821289
7.50422477722168
7.112741470336914
7.223844528198242
7.537603378295898
7.791996002197266
8.478879928588867
7.444858551025391
7.935523986816406
7.431983947753906
8.097648620605469
8.01706314086914
7.718324661254883
7.526636123657227
7.510662078857422
8.313655853271484
7.903099060058594
7.5817108154296875
7.48443603515625
7.271528244018555
8.323192596435547
7.721662521362305
7.897853851318359
7.786273956298828
7.399082183837891
7.895946502685547
7.58671760559082
7.769107818603516
8.76760482788086
8.5296630859375
8.189201354980469
8.146047592163086
13.484001159667969
10.606765747070312
11.61813735961914
15.613317489624023
27.509689331054688
38.33961486816406
41.00179672241211
38.59901428222656
39.96920585632324
42.647361755371094
38.908958435058594
37.200212478637695
40.24839401245117
39.226531982421875
40.628910064697266
40.49110412597656
40.88783264160156
39.72578048706055
38.500070571899414
38.40994834899902
38.75303268432617
38.56992721557617
38.47336769104004
40.65895080566406
38.78974914550781
41.19467735290527
38.76900672912598
38.861751556396484
39.56174850463867
38.15722465515137
31.008005142211914
12.042999267578125
8.682727813720703
7.926702499389648
7.819175720214844
7.5836181640625
7.275819778442383
7.938861846923828
7.868766784667969
7.916927337646484
7.999181747436523
8.194208145141602
7.903099060058594
8.246660232543945
7.767200469970703
7.701635360717773
7.57288932800293
7.574558258056641
8.707284927368164
8.538484573364258
8.572816848754883
7.748126983642578
8.337974548339844
7.187366485595703
7.759809494018555
7.4920654296875
7.425785064697266
7.498979568481445
7.509946823120117
7.430315017700195
7.999897003173828
7.2174072265625
7.570981979370117
7.728099822998047
7.370233535766602
7.771968841552734
7.623910903930664
7.904291152954102
7.621288299560547
7.814168930053711
7.245779037475586
7.580995559692383
7.358074188232422
7.092952728271484
7.539272308349609
7.699728012084961
8.065462112426758
8.069038391113281
7.413148880004883
8.073806762695312
7.694005966186523
7.968425750732422
7.643222808837891
7.384538650512695
7.617712020874023
8.27169418334961
8.23664665222168
7.722616195678711
7.727622985839844
7.175922393798828
7.65681266784668
7.434606552124023
7.482290267944336
7.469654083251953
7.483243942260742
7.338285446166992
7.231712341308594
7.030487060546875
7.5130462646484375
7.31205940246582
6.990909576416016
7.239580154418945
7.347583770751953
7.227659225463867
7.557153701782227
7.5817108154296875
7.264375686645508
7.354736328125
7.65681266784668
8.690595626831055
8.19087028503418
7.401466369628906
7.74836540222168
8.219003677368164
7.80487060546875
7.759332656860352
7.987260818481445
8.38613510131836
7.558345794677734
7.879018783569336
8.147478103637695
8.024454116821289
8.130311965942383
8.904457092285156
8.035898208618164
8.395910263061523
8.3770751953125
7.9555511474609375
7.736682891845703
7.104635238647461
7.328033447265625
7.249593734741211
8.024454116821289
7.26628303527832
7.405757904052734
7.317543029785156
7.982492446899414
8.24880599975586
7.924795150756836
7.453203201293945
7.274866104125977
7.953882217407227
7.738351821899414
7.653474807739258
7.487058639526367
7.468938827514648
7.786750793457031
7.066249847412109
7.343292236328125
7.901191711425781
8.069038391113281
15.002965927124023
40.314674377441406
39.19219970703125
39.25037384033203
39.6275520324707
38.79380226135254
37.43124008178711
37.11128234863281
37.29391098022461
36.39364242553711
37.23430633544922
37.61029243469238
37.48202323913574
36.928415298461914
39.67452049255371
40.15922546386719
34.53540802001953
34.25717353820801
33.6911678314209
34.23261642456055
34.46817398071289
34.90281105041504
34.22880172729492
33.71381759643555
35.30311584472656
33.537864685058594
34.62076187133789
34.92856025695801
33.73885154724121
17.871618270874023
8.485555648803711
7.973194122314453
7.690668106079102
7.671117782592773
11.997699737548828
8.33892822265625
9.346723556518555
9.350776672363281
10.514020919799805
10.62154769897461
12.531757354736328
10.910749435424805
14.909744262695312
34.84296798706055
35.17794609069824
33.303260803222656
34.89184379577637
35.75277328491211
35.01582145690918
33.80894660949707
36.57078742980957
34.78121757507324
33.58602523803711
34.513235092163086
26.73792839050293
8.305788040161133
7.822751998901367
10.921478271484375
17.300128936767578
11.825084686279297
15.778779983520508
28.293848037719727
31.094789505004883
31.838178634643555
32.271385192871094
32.13834762573242
31.89373016357422
30.50398826599121
30.240535736083984
30.639171600341797
30.50518035888672
30.529022216796875
12.028932571411133
7.634639739990234
7.283449172973633
7.189512252807617
7.709980010986328
7.271766662597656
7.845640182495117
7.2345733642578125
7.280588150024414
7.195234298706055
8.091926574707031
7.832765579223633
7.789134979248047
7.392168045043945
8.118152618408203
8.565425872802734
8.452653884887695
7.859945297241211
8.246898651123047
7.329463958740234
7.676839828491211
8.129119873046875
7.613182067871094
7.865428924560547
7.797718048095703
9.066581726074219
8.054733276367188
9.052753448486328
7.354736328125
7.791757583618164
7.745981216430664
8.140325546264648
7.974386215209961
8.562564849853516
8.994817733764648
8.836030960083008
8.959293365478516
9.49859619140625
8.446693420410156
8.66842269897461
8.32819938659668
8.961200714111328
8.53276252746582
8.63027572631836
8.150577545166016
8.414506912231445
8.108139038085938
8.372306823730469
8.460044860839844
8.985280990600586
7.625341415405273
7.46917724609375
7.480382919311523
7.765531539916992
7.512569427490234
7.100820541381836
7.470607757568359
7.6465606689453125
7.225990295410156
7.709503173828125
7.25245475769043
8.09478759765625
7.376670837402344
7.498502731323242
7.550239562988281
7.408618927001953
7.43412971496582
7.428884506225586
7.719278335571289
7.662057876586914
7.819414138793945
7.521867752075195
7.536411285400391
7.954120635986328
7.6961517333984375
7.387638092041016
7.023096084594727
7.337093353271484
7.329225540161133
7.365942001342773
7.433891296386719
7.404088973999023
7.341146469116211
7.403373718261719
7.292985916137695
8.037805557250977
7.605552673339844
8.058547973632812
7.8487396240234375
7.900476455688477
7.690906524658203
7.680177688598633
8.117198944091797
7.988691329956055
7.6618194580078125
7.941722869873047
7.659196853637695
8.991241455078125
8.248090744018555
7.673501968383789
7.799386978149414
8.00323486328125
7.567644119262695
8.095264434814453
7.8125
7.614850997924805
7.412910461425781
7.354259490966797
7.129430770874023
7.0953369140625
7.09986686706543
7.0648193359375
7.368564605712891
8.478641510009766
7.425785064697266
7.241487503051758
7.426738739013672
7.454633712768555
7.084131240844727
7.239818572998047
7.290363311767578
7.494211196899414
7.1201324462890625
7.724761962890625
7.727384567260742
8.44717025756836
7.875204086303711
7.85374641418457
8.8958740234375
7.8907012939453125
7.484197616577148
7.561445236206055
16.017913818359375
41.79072380065918
41.33462905883789
39.26229476928711
40.32754898071289
39.563894271850586
42.200326919555664
40.00115394592285
38.71440887451172
38.45047950744629
38.146018981933594
39.26563262939453
38.655996322631836
39.896249771118164
40.232181549072266
37.58549690246582
41.074514389038086
37.22190856933594
38.67912292480469
40.37880897521973
38.95711898803711
40.10009765625
38.805484771728516
39.35647010803223
39.86954689025879
39.783477783203125
36.43918037414551
33.07008743286133
35.18390655517578
32.25827217102051
34.38925743103027
32.76252746582031
35.12740135192871
37.09983825683594
34.726858139038086
35.85362434387207
35.94660758972168
35.61067581176758
33.26773643493652
33.617496490478516
34.830331802368164
32.61590003967285
31.100988388061523
30.475854873657227
32.20963478088379
33.58936309814453
31.456708908081055
30.701398849487305
30.872821807861328
32.87458419799805
31.35371208190918
33.25843811035156
31.428098678588867
33.15091133117676
35.29691696166992
31.045913696289062
30.55286407470703
30.836820602416992
29.688358306884766
24.35588836669922
10.817766189575195
12.545347213745117
17.68326759338379
21.966934204101562
9.954214096069336
12.621641159057617
10.759830474853516
10.9405517578125
11.125564575195312
10.111570358276367
8.753061294555664
10.402917861938477
10.895013809204102
12.205123901367188
12.66336441040039
9.35053825378418
11.783599853515625
12.390375137329102
12.186765670776367
9.252071380615234
12.620210647583008
9.938955307006836
10.01119613647461
11.28077507019043
10.93149185180664
9.598493576049805
12.882709503173828
13.701438903808594
19.303083419799805
10.203838348388672
10.48898696899414
10.157346725463867
12.234926223754883
10.452985763549805
11.889457702636719
13.117074966430664
8.407115936279297
9.218692779541016
9.470939636230469
10.118484497070312
8.504867553710938
11.420011520385742
11.495351791381836
10.442018508911133
10.475397109985352
10.788440704345703
11.467695236206055
9.843587875366211
9.79924201965332
9.438037872314453
11.79361343383789
38.76924514770508
36.61203384399414
35.700082778930664
35.67361831665039
35.762786865234375
33.156394958496094
36.455631256103516
37.40811347961426
35.56656837463379
27.902603149414062
8.640289306640625
8.186578750610352
8.16965103149414
7.920742034912109
8.125066757202148
7.967472076416016
7.704019546508789
8.09621810913086
7.904052734375
8.376598358154297
7.652997970581055
7.742166519165039
8.166074752807617
7.563352584838867
8.275032043457031
8.383750915527344
7.851362228393555
7.93147087097168
8.104324340820312
7.657766342163086
8.199214935302734
8.038759231567383
8.280515670776367
7.861852645874023
8.10551643371582
7.602930068969727
7.359981536865234
7.823705673217773
8.011817932128906
7.835149765014648
7.436037063598633
7.570028305053711
7.4062347412109375
7.848262786865234
7.557868957519531
7.603645324707031
7.39288330078125
7.204771041870117
7.699012756347656
7.897138595581055
7.835626602172852
7.447004318237305
7.601261138916016
8.039236068725586
7.234096527099609
7.673978805541992
7.207393646240234
7.689714431762695
7.753133773803711
7.308721542358398
7.5016021728515625
7.938861846923828
8.254051208496094
8.127927780151367
7.550954818725586
7.826089859008789
7.723093032836914
7.373571395874023
7.097721099853516
7.397890090942383
8.289098739624023
7.706403732299805
8.121013641357422
8.05044174194336
8.121252059936523
8.560895919799805
8.743762969970703
7.528543472290039
8.163690567016602
7.9402923583984375
7.150888442993164
7.538795471191406
7.572174072265625
7.771492004394531
8.039236068725586
7.802009582519531
8.310079574584961
8.105993270874023
8.42142105102539
8.243799209594727
7.890462875366211
7.567405700683594
7.622003555297852
7.4062347412109375
7.20524787902832
7.698535919189453
7.608652114868164
8.05044174194336
8.270025253295898
7.66754150390625
7.803916931152344
8.060455322265625
7.950544357299805
7.737159729003906
7.44175910949707
7.858753204345703
7.852077484130859
7.784605026245117
8.420705795288086
7.899999618530273
7.972002029418945
7.988214492797852
7.792234420776367
8.507490158081055
8.90970230102539
7.638454437255859
7.704019546508789
7.772684097290039
7.485151290893555
8.54182243347168
8.96143913269043
8.113622665405273
7.756471633911133
7.645368576049805
7.883787155151367
8.168697357177734
8.3465576171875
8.460760116577148
7.8125
7.20977783203125
7.993221282958984
8.908748626708984
7.719278335571289
7.514476776123047
7.532596588134766
9.88316535949707
10.54525375366211
8.627176284790039
9.038925170898438
12.473344802856445
10.05244255065918
11.849403381347656
15.361309051513672
14.044761657714844
11.618852615356445
7.96198844909668
7.437944412231445
8.249282836914062
7.762432098388672
7.49969482421875
7.952213287353516
8.193492889404297
8.648872375488281
8.009195327758789
7.990837097167969
7.645368576049805
8.107662200927734
7.856845855712891
8.195877075195312
8.24737548828125
8.026838302612305
7.5588226318359375
7.503986358642578
8.12077522277832
7.988452911376953
8.114814758300781
7.727622985839844
7.1201324462890625
7.187843322753906
7.088422775268555
7.071256637573242
8.001327514648438
7.62176513671875
7.3146820068359375
7.372140884399414
7.5206756591796875
7.322549819946289
7.471323013305664
7.106781005859375
7.292747497558594
7.553815841674805
7.38978385925293
7.418394088745117
7.519006729125977
7.512331008911133
7.218837738037109
7.496118545532227
8.00466537475586
7.4062347412109375
8.051633834838867
7.987499237060547
8.074283599853516
7.563352584838867
7.551431655883789
7.506370544433594
7.450342178344727
7.5931549072265625
7.622480392456055
7.216930389404297
7.873296737670898
7.7114105224609375
8.052349090576172
7.712125778198242
7.980823516845703
7.407426834106445
7.61103630065918
7.774829864501953
7.013797760009766
8.092164993286133
8.394479751586914
7.728099822998047
7.348537445068359
8.321762084960938
7.885932922363281
7.850408554077148
8.131027221679688
7.421255111694336
7.363080978393555
7.819890975952148
7.638454437255859
7.988214492797852
7.6122283935546875
7.570505142211914
7.46607780456543
7.9822540283203125
7.915496826171875
7.455110549926758
7.536888122558594
7.986307144165039
7.930278778076172
7.826328277587891
8.12077522277832
7.891416549682617
8.03518295288086
7.969379425048828
8.174657821655273
7.666349411010742
8.316278457641602
8.548974990844727
7.426738739013672
7.77125358581543
7.735013961791992
8.658409118652344
7.840871810913086
7.964849472045898
7.393121719360352
7.960319519042969
8.612871170043945
8.020162582397461
7.340908050537109
8.294820785522461
8.41379165649414
7.723331451416016
8.125543594360352
7.843017578125
8.022785186767578
7.796525955200195
7.347822189331055
7.607221603393555
7.570505142211914
7.845163345336914
8.299827575683594
7.630586624145508
7.360935211181641
7.515192031860352
7.594585418701172
7.533788681030273
7.660627365112305
8.555412292480469
8.172035217285156
7.716894149780273
8.585929870605469
8.354425430297852
7.815837860107422
7.485628128051758
8.176565170288086
7.909059524536133
8.132696151733398
8.493900299072266
7.691383361816406
7.295131683349609
7.868051528930664
8.862495422363281
7.539510726928711
7.843494415283203
8.209705352783203
8.004188537597656
7.819652557373047
7.87663459777832
7.94529914855957
7.775545120239258
8.648395538330078
8.682966232299805
7.7877044677734375
7.831573486328125
8.373022079467773
7.9212188720703125
7.752895355224609
7.725000381469727
8.77070426940918
7.644176483154297
7.621049880981445
8.144617080688477
7.949590682983398
7.735252380371094
7.651329040527344
7.607221603393555
8.006572723388672
7.616519927978516
8.329391479492188
7.910966873168945
7.99870491027832
8.163690567016602
7.892370223999023
8.121967315673828
7.909536361694336
8.159160614013672
8.479595184326172
8.025169372558594
7.980823516845703
7.932424545288086
8.171558380126953
7.884502410888672
9.343862533569336
8.192300796508789
8.376359939575195
13.590574264526367
10.141611099243164
11.019706726074219
7.905721664428711
7.345914840698242
7.786989212036133
7.760763168334961
8.287429809570312
7.75456428527832
7.694721221923828
8.284568786621094
7.97581672668457
7.845163345336914
7.753133773803711
7.503747940063477
7.742166519165039
8.131980895996094
7.850170135498047
7.300615310668945
7.38215446472168
7.65538215637207
7.413387298583984
7.497072219848633
8.563756942749023
7.784605026245117
7.455587387084961
7.32421875
7.733821868896484
7.543087005615234
7.639408111572266
7.700204849243164
7.515430450439453
7.42793083190918
7.747173309326172
7.762670516967773
7.578611373901367
8.01539421081543
7.398366928100586
7.85064697265625
7.513284683227539
7.630348205566406
7.4176788330078125
7.419586181640625
7.475614547729492
7.499217987060547
7.872581481933594
7.540464401245117
8.459806442260742
7.987737655639648
7.689476013183594
8.321523666381836
8.121013641357422
7.566213607788086
7.363319396972656
7.341623306274414
7.692813873291016
7.979393005371094
7.689714431762695
7.5397491455078125
7.266759872436523
8.493661880493164
7.824420928955078
7.300615310668945
11.626720428466797
44.281005859375
47.4400520324707
45.609474182128906
44.27766799926758
45.61591148376465
42.470693588256836
45.50361633300781
43.40648651123047
43.79129409790039
41.67532920837402
40.590524673461914
38.41972351074219
36.881208419799805
37.734270095825195
39.77346420288086
37.12105751037598
36.26871109008789
38.459062576293945
39.95966911315918
39.43371772766113
38.31601142883301
39.04867172241211
38.681745529174805
39.65401649475098
33.89382362365723
33.289194107055664
36.03172302246094
33.93673896789551
32.2117805480957
35.51888465881348
34.46698188781738
33.545494079589844
34.860849380493164
34.60097312927246
34.97934341430664
33.33234786987305
33.83016586303711
20.169734954833984
8.046865463256836
7.659673690795898
7.964134216308594
7.332801818847656
7.633686065673828
9.211063385009766
8.452177047729492
7.915496826171875
7.996082305908203
7.939815521240234
7.544517517089844
7.183551788330078
7.4291229248046875
7.621288299560547
7.871150970458984
7.572650909423828
7.632732391357422
7.38215446472168
7.487058639526367
7.106781005859375
7.372856140136719
7.560968399047852
7.4481964111328125
8.280038833618164
7.264852523803711
7.236719131469727
7.479667663574219
7.155656814575195
7.413625717163086
7.6446533203125
7.723331451416016
7.776975631713867
7.408380508422852
7.500410079956055
7.496833801269531
7.323026657104492
7.75146484375
7.494449615478516
12.943267822265625
9.951114654541016
8.508682250976562
9.036779403686523
9.336471557617188
8.45789909362793
7.630825042724609
8.144617080688477
7.910490036010742
8.018970489501953
8.424758911132812
10.314702987670898
32.62972831726074
29.832124710083008
29.94537353515625
28.90753746032715
30.440330505371094
29.815673828125
29.876232147216797
29.608726501464844
31.018972396850586
32.46498107910156
31.57806396484375
31.83269500732422
31.980276107788086
32.48453140258789
31.97956085205078
32.720088958740234
30.07817268371582
30.219554901123047
29.381513595581055
31.987905502319336
31.383037567138672
33.963680267333984
34.84535217285156
35.23373603820801
35.45522689819336
34.85679626464844
35.36105155944824
36.07034683227539
34.93523597717285
37.285566329956055
36.28277778625488
33.6146354675293
34.40451622009277
36.1332893371582
34.624338150024414
33.76626968383789
30.49302101135254
30.96485137939453
31.46839141845703
26.045799255371094
8.69297981262207
8.27479362487793
8.014202117919922
7.4977874755859375
7.450342178344727
7.436037063598633
7.913827896118164
8.089065551757812
8.270978927612305
7.903814315795898
7.84611701965332
8.214235305786133
9.71841812133789
8.237123489379883
7.71641731262207
8.183717727661133
8.185148239135742
7.634639739990234
7.865428924560547
7.798194885253906
7.866859436035156
7.910490036010742
8.116960525512695
7.791757583618164
7.5244903564453125
7.984399795532227
8.259057998657227
8.104801177978516
8.071422576904297
8.029699325561523
7.845640182495117
7.578849792480469
7.980108261108398
7.600069046020508
8.259773254394531
7.7724456787109375
8.098363876342773
8.206367492675781
7.817268371582031
7.791757583618164
8.063554763793945
7.365703582763672
7.917165756225586
8.188724517822266
8.698225021362305
8.41522216796875
7.784128189086914
7.734775543212891
7.717609405517578
8.402347564697266
7.984638214111328
8.274555206298828
7.602453231811523
8.020162582397461
7.045745849609375
7.65228271484375
7.7762603759765625
8.159637451171875
7.577419281005859
7.946968078613281
7.7953338623046875
7.851362228393555
8.170366287231445
7.943391799926758
7.735252380371094
7.500171661376953
8.15725326538086
7.59577751159668
8.30841064453125
7.40361213684082
7.9593658447265625
8.408784866333008
7.928371429443359
7.74836540222168
7.550477981567383
7.668495178222656
7.448911666870117
7.424354553222656
7.790565490722656
7.999181747436523
7.584333419799805
7.549524307250977
8.17251205444336
7.94219970703125
7.862567901611328
8.219242095947266
8.015632629394531
7.920503616333008
8.034229278564453
8.054971694946289
7.597684860229492
7.968425750732422
7.941246032714844
8.24737548828125
8.600473403930664
8.539676666259766
8.444786071777344
8.18181037902832
8.104085922241211
8.170366287231445
8.011579513549805
7.923126220703125
8.419513702392578
7.597446441650391
7.256984710693359
8.38780403137207
8.239507675170898
9.133338928222656
8.267879486083984
7.853269577026367
7.353067398071289
13.640880584716797
10.339736938476562
9.064674377441406
10.42032241821289
13.225078582763672
8.526086807250977
8.016109466552734
9.198188781738281
12.603998184204102
11.051654815673828
9.228706359863281
8.078336715698242
9.006023406982422
16.626596450805664
12.338876724243164
9.892463684082031
9.388208389282227
7.566690444946289
7.463216781616211
7.581949234008789
7.848978042602539
7.796525955200195
8.895397186279297
26.442766189575195
41.002750396728516
39.97445106506348
40.0545597076416
40.30895233154297
40.01474380493164
38.65504264831543
37.787437438964844
38.02132606506348
38.4831428527832
37.70899772644043
37.08004951477051
38.021087646484375
39.124488830566406
39.21842575073242
38.94805908203125
37.56880760192871
38.971662521362305
38.6967658996582
23.272037506103516
8.633613586425781
12.914180755615234
10.666370391845703
8.723735809326172
9.253501892089844
8.984088897705078
7.470369338989258
7.590055465698242
8.080720901489258
8.23664665222168
8.445262908935547
7.996082305908203
7.714271545410156
7.849693298339844
7.523059844970703
7.554292678833008
8.27789306640625
7.536649703979492
7.79271125793457
7.565975189208984
7.0629119873046875
7.561922073364258
7.768392562866211
8.295536041259766
8.718490600585938
7.906913757324219
8.131742477416992
7.920026779174805
7.604837417602539
7.117748260498047
7.289886474609375
7.854700088500977
7.595062255859375
7.699489593505859
7.328510284423828
7.196903228759766
7.840633392333984
7.827281951904297
7.597208023071289
7.276058197021484
8.074760437011719
7.487297058105469
7.6122283935546875
8.230447769165039
7.8258514404296875
7.90715217590332
7.636785507202148
7.258415222167969
7.48896598815918
7.890224456787109
8.683443069458008
7.419586181640625
7.072687149047852
7.016420364379883
7.581472396850586
7.457971572875977
7.398843765258789
8.31294059753418
7.830619812011719
7.38525390625
8.59212875366211
7.661581039428711
7.779359817504883
8.243322372436523
7.583379745483398
8.005619049072266
7.888555526733398
8.168220520019531
7.776498794555664
8.234739303588867
8.754253387451172
8.021354675292969
8.035898208618164
7.760763168334961
7.771730422973633
8.044242858886719
8.591413497924805
7.794618606567383
7.580995559692383
8.341550827026367
7.861852645874023
7.071495056152344
8.468389511108398
8.426666259765625
7.802009582519531
7.548093795776367
7.47990608215332
7.558345794677734
7.455110549926758
7.798433303833008
8.220434188842773
8.535146713256836
8.647441864013672
7.720947265625
8.434534072875977
7.59124755859375
8.53109359741211
7.629871368408203
7.838726043701172
7.532358169555664
8.017301559448242
7.891178131103516
7.505178451538086
8.32819938659668
8.40306282043457
8.049726486206055
8.185625076293945
8.16965103149414
7.552862167358398
7.763147354125977
7.483005523681641
8.071184158325195
8.310317993164062
8.474111557006836
8.239030838012695
7.635593414306641
8.214950561523438
7.985830307006836
7.68589973449707
7.80940055847168
7.787466049194336
7.880449295043945
8.161306381225586
7.946252822875977
7.544755935668945
8.541345596313477
8.042335510253906
7.593393325805664
7.687807083129883
7.870197296142578
7.408857345581055
12.628555297851562
9.745121002197266
10.18977165222168
11.407136917114258
9.472846984863281
10.238885879516602
10.118961334228516
9.821653366088867
9.343147277832031
10.609865188598633
15.832901000976562
40.96221923828125
40.71187973022461
38.20323944091797
39.808034896850586
39.69144821166992
40.439605712890625
37.14871406555176
38.61069679260254
41.09072685241699
38.382768630981445
39.43133354187012
41.14556312561035
40.46297073364258
38.79380226135254
38.590431213378906
37.4913215637207
40.41123390197754
37.554264068603516
38.49434852600098
37.220001220703125
38.63716125488281
37.003278732299805
40.07124900817871
38.143157958984375
37.99080848693848
38.7883186340332
39.11447525024414
38.81669044494629
37.72902488708496
38.97976875305176
37.674665451049805
36.37218475341797
38.9859676361084
38.703203201293945
36.02147102355957
35.161495208740234
35.2482795715332
34.758567810058594
34.08241271972656
34.119606018066406
34.41452980041504
34.0878963470459
36.260366439819336
35.20822525024414
34.955501556396484
34.08360481262207
34.70277786254883
35.149335861206055
34.16800498962402
31.5091609954834
29.90269660949707
32.08589553833008
30.381441116333008
30.556917190551758
29.38103675842285
33.190250396728516
31.666040420532227
32.82356262207031
31.346559524536133
30.301809310913086
31.311988830566406
30.54976463317871
29.952526092529297
29.505014419555664
24.48105812072754
8.069515228271484
8.241653442382812
8.606433868408203
8.538484573364258
8.424997329711914
8.400201797485352
8.198261260986328
9.041070938110352
10.101079940795898
7.977962493896484
8.365631103515625
8.015155792236328
8.302450180053711
7.834672927856445
8.278131484985352
8.452892303466797
8.038043975830078
7.849454879760742
8.125782012939453
8.172035217285156
7.650136947631836
7.860422134399414
8.123397827148438
8.71896743774414
7.857084274291992
8.281946182250977
8.435249328613281
8.104085922241211
8.561372756958008
7.874965667724609
7.573127746582031
8.989095687866211
8.861541748046875
8.46719741821289
7.876873016357422
7.6580047607421875
7.723808288574219
7.615804672241211
7.73930549621582
7.707834243774414
7.857322692871094
7.947444915771484
8.045673370361328
7.73930549621582
7.744550704956055
7.638692855834961
7.750988006591797
7.668495178222656
7.880449295043945
8.632421493530273
7.879018783569336
7.619380950927734
7.620811462402344
7.769107818603516
8.46552848815918
7.810831069946289
7.547140121459961
7.47227668762207
7.09986686706543
7.261991500854492
7.143259048461914
7.460594177246094
7.134199142456055
8.26120376586914
8.359432220458984
7.6160430908203125
7.807254791259766
8.044719696044922
7.491111755371094
8.000850677490234
8.456945419311523
8.197546005249023
7.6770782470703125
7.705211639404297
7.468700408935547
7.918834686279297
8.918046951293945
8.559465408325195
7.784605026245117
7.185697555541992
8.079051971435547
7.42340087890625
8.234500885009766
7.78508186340332
7.869720458984375
7.695674896240234
8.069753646850586
8.242607116699219
7.675409317016602
8.779525756835938
8.451461791992188
8.531808853149414
8.902788162231445
8.053064346313477
7.966041564941406
8.183002471923828
8.701801300048828
7.845401763916016
8.79359245300293
9.148597717285156
8.304357528686523
8.599519729614258
7.779359817504883
8.376359939575195
8.17418098449707
7.879495620727539
8.76927375793457
7.403373718261719
7.745027542114258
7.906913757324219
8.881807327270508
7.602214813232422
7.920026779174805
8.349180221557617
8.116006851196289
8.861303329467773
8.17561149597168
8.265256881713867
8.305788040161133
9.102582931518555
7.992744445800781
7.891654968261719
9.106874465942383
8.72182846069336
8.755683898925781
16.077756881713867
37.07599639892578
33.77795219421387
36.83304786682129
35.60352325439453
33.30540657043457
33.19072723388672
35.123586654663086
35.898685455322266
14.786720275878906
8.158445358276367
8.115530014038086
7.889509201049805
7.992267608642578
7.706165313720703
8.872747421264648
8.112668991088867
7.735967636108398
8.49771499633789
7.962703704833984
7.757902145385742
7.816314697265625
7.683515548706055
7.735967636108398
7.242918014526367
7.353544235229492
7.591724395751953
7.063865661621094
7.049083709716797
7.243871688842773
7.140159606933594
7.363319396972656
7.398843765258789
7.553339004516602
7.652044296264648
7.293701171875
7.224321365356445
7.697343826293945
7.778406143188477
7.446765899658203
7.651805877685547
7.64775276184082
7.486104965209961
7.267236709594727
8.452653884887695
7.83538818359375
7.853507995605469
7.72404670715332
7.769584655761719
7.297992706298828
7.653951644897461
7.771968841552734
7.475376129150391
7.3986053466796875
7.480621337890625
7.617950439453125
7.748126983642578
7.788896560668945
7.675647735595703
7.910490036010742
8.714437484741211
8.1939697265625
7.672548294067383
7.856607437133789
8.11767578125
7.634878158569336
7.742404937744141
7.976293563842773
8.193016052246094
7.817268371582031
8.028507232666016
7.730722427368164
7.278680801391602
7.834911346435547
7.9498291015625
7.856607437133789
7.451057434082031
8.028030395507812
7.384061813354492
7.469892501831055
8.100271224975586
7.242679595947266
7.565736770629883
8.465766906738281
7.665872573852539
7.315874099731445
7.873773574829102
8.245229721069336
7.939577102661133
7.283926010131836
7.69805908203125
7.9021453857421875
7.582426071166992
7.435798645019531
7.529497146606445
7.574319839477539
7.699251174926758
7.799625396728516
8.66556167602539
8.908987045288086
8.282661437988281
8.134841918945312
7.755517959594727
7.810354232788086
7.777929306030273
8.310079574584961
7.9898834228515625
7.71021842956543
7.478952407836914
7.762670516967773
7.495880126953125
9.285688400268555
8.654594421386719
7.6580047607421875
7.375001907348633
7.549285888671875
7.95292854309082
8.054971694946289
7.739543914794922
8.187532424926758
7.964611053466797
7.857561111450195
7.6007843017578125
8.347034454345703
8.103132247924805
7.704973220825195
7.911205291748047
7.844209671020508
7.764101028442383
7.638692855834961
7.671356201171875
7.669210433959961
8.151531219482422
8.239984512329102
7.947683334350586
8.21542739868164
7.853269577026367
7.996797561645508
7.6198577880859375
7.693052291870117
7.035255432128906
7.100343704223633
7.582902908325195
7.556676864624023
8.60738754272461
9.055376052856445
10.90097427368164
8.568763732910156
8.236408233642578
7.595539093017578
12.160539627075195
10.876178741455078
13.005256652832031
10.771989822387695
9.90748405456543
16.770362854003906
11.410713195800781
13.656139373779297
7.9803466796875
7.46607780456543
7.420063018798828
7.613420486450195
7.405519485473633
7.884740829467773
7.450580596923828
7.506370544433594
8.025407791137695
7.539510726928711
7.103204727172852
7.275819778442383
7.099628448486328
7.358312606811523
7.843017578125
8.047342300415039
8.128643035888672
8.62574577331543
9.305715560913086
8.657693862915039
7.493019104003906
7.485151290893555
7.725954055786133
8.165597915649414
7.521867752075195
7.816791534423828
7.487058639526367
8.394241333007812
7.357597351074219
7.615566253662109
7.220983505249023
7.554292678833008
7.344245910644531
7.844448089599609
7.2765350341796875
7.346153259277344
7.411003112792969
7.675647735595703
7.510185241699219
7.293224334716797
7.590055465698242
7.38525390625
8.193016052246094
7.730007171630859
7.652044296264648
8.03232192993164
8.005619049072266
7.726430892944336
7.459878921508789
8.348464965820312
7.849454879760742
7.575273513793945
7.754087448120117
7.816076278686523
7.59434700012207
9.601831436157227
8.554697036743164
7.587194442749023
8.001327514648438
8.033037185668945
8.083820343017578
7.507801055908203
7.902622222900391
7.720232009887695
7.608890533447266
7.612943649291992
7.577657699584961
10.696649551391602
40.123701095581055
37.98723220825195
37.395477294921875
40.87400436401367
39.98303413391113
37.69207000732422
42.03200340270996
38.69438171386719
40.00496864318848
38.96474838256836
42.59061813354492
40.22955894470215
38.40017318725586
39.040565490722656
39.069414138793945
39.18862342834473
39.057016372680664
37.71209716796875
36.84067726135254
39.74580764770508
38.18869590759277
39.450645446777344
38.825035095214844
39.59846496582031
34.6834659576416
34.5003604888916
30.838966369628906
35.38393974304199
35.501956939697266
29.871463775634766
9.148597717285156
8.315324783325195
7.40814208984375
7.69495964050293
7.7190399169921875
7.758855819702148
7.372617721557617
7.760047912597656
8.513450622558594
7.565021514892578
7.438182830810547
8.051395416259766
7.226228713989258
7.6446533203125
7.467985153198242
7.554292678833008
7.484674453735352
7.870674133300781
7.644176483154297
7.850408554077148
7.927894592285156
8.334875106811523
8.35728645324707
8.044004440307617
8.046627044677734
7.783412933349609
7.605552673339844
7.346391677856445
7.331371307373047
7.63392448425293
7.343292236328125
7.009744644165039
7.393121719360352
7.330656051635742
7.375001907348633
7.1392059326171875
7.417440414428711
7.132053375244141
7.474422454833984
7.832527160644531
6.944417953491211
7.300376892089844
7.975578308105469
8.050680160522461
7.767677307128906
7.62629508972168
7.674694061279297
7.314920425415039
8.371829986572266
8.575201034545898
7.764101028442383
7.812738418579102
7.822275161743164
7.77745246887207
7.365226745605469
8.133172988891602
7.699251174926758
7.433891296386719
7.470846176147461
7.284879684448242
7.3451995849609375
7.2727203369140625
7.870197296142578
7.495403289794922
7.4748992919921875
7.605075836181641
7.6923370361328125
7.716894149780273
7.623195648193359
7.706165313720703
7.831335067749023
7.680177688598633
7.334470748901367
7.785558700561523
7.480382919311523
7.694482803344727
8.050203323364258
7.703542709350586
7.765293121337891
8.020877838134766
7.859945297241211
7.625341415405273
7.993936538696289
7.622480392456055
7.671117782592773
7.531166076660156
8.078813552856445
7.790327072143555
7.934331893920898
7.627725601196289
7.694244384765625
8.480072021484375
8.366584777832031
7.798194885253906
7.398128509521484
8.343219757080078
11.584758758544922
8.40306282043457
8.095741271972656
8.346319198608398
8.404731750488281
12.481927871704102
39.81900215148926
38.85698318481445
37.764549255371094
40.01498222351074
38.28310966491699
39.04414176940918
37.70279884338379
40.967702865600586
39.23344612121582
38.53011131286621
38.388967514038086
38.44141960144043
34.29985046386719
8.488893508911133
7.949113845825195
8.201122283935547
7.862329483032227
8.789300918579102
8.550882339477539
8.283615112304688
8.148908615112305
7.532835006713867
7.910728454589844
8.439064025878906
7.830142974853516
8.168697357177734
7.57145881652832
7.958412170410156
8.531570434570312
7.512092590332031
8.034944534301758
7.476329803466797
8.352518081665039
7.9097747802734375
7.794857025146484
8.393049240112305
7.759332656860352
8.762598037719727
8.844137191772461
8.062601089477539
7.555961608886719
8.831977844238281
8.00776481628418
7.556676864624023
7.321834564208984
7.372379302978516
8.02922248840332
7.479190826416016
7.478952407836914
7.841825485229492
8.360624313354492
7.825136184692383
7.55000114440918
8.037805557250977
7.972002029418945
8.365154266357422
7.944822311401367
7.2269439697265625
7.693290710449219
7.479667663574219
7.48753547668457
7.859706878662109
8.161067962646484
7.881641387939453
8.261442184448242
8.283376693725586
7.190704345703125
8.656501770019531
7.776975631713867
7.834434509277344
8.470773696899414
7.661104202270508
7.715463638305664
7.457971572875977
8.109569549560547
8.060216903686523
7.449626922607422
7.378101348876953
7.562160491943359
7.991313934326172
7.824182510375977
7.852792739868164
7.731199264526367
7.600545883178711
7.614850997924805
7.744550704956055
7.985353469848633
7.910490036010742
7.4329376220703125
7.850885391235352
7.747650146484375
8.008718490600586
8.028984069824219
12.543916702270508
10.670900344848633
9.026765823364258
9.991645812988281
10.511398315429688
11.136531829833984
13.84115219116211
14.077186584472656
12.912988662719727
11.580705642700195
12.654304504394531
10.76054573059082
8.061647415161133
8.134841918945312
7.691860198974609
7.693052291870117
15.257120132446289
10.264396667480469
8.535623550415039
9.770393371582031
9.339332580566406
11.044502258300781
9.767770767211914
10.153055191040039
8.364200592041016
8.262872695922852
7.220745086669922
7.936716079711914
8.846759796142578
7.901191711425781
7.546424865722656
7.788181304931641
8.311986923217773
8.40306282043457
7.617950439453125
7.806539535522461
8.754968643188477
8.022546768188477
8.002281188964844
7.864713668823242
7.9402923583984375
7.335901260375977
7.962703704833984
8.756637573242188
8.496522903442383
8.448123931884766
7.890939712524414
7.63392448425293
8.029460906982422
8.12673568725586
7.434368133544922
7.99870491027832
7.622241973876953
7.824182510375977
7.74693489074707
8.274555206298828
7.6503753662109375
7.898807525634766
8.198022842407227
8.305072784423828
7.996559143066406
7.703542709350586
7.937431335449219
8.166074752807617
7.865667343139648
8.025884628295898
8.397817611694336
8.251428604125977
8.224725723266602
8.584022521972656
8.231639862060547
7.700443267822266
7.775306701660156
7.562160491943359
7.996559143066406
7.841348648071289
8.204460144042969
8.247613906860352
7.578372955322266
8.017539978027344
8.076906204223633
7.720232009887695
8.008956909179688
7.641792297363281
7.388830184936523
8.32056999206543
8.556365966796875
8.384943008422852
7.76982307434082
7.846593856811523
8.234500885009766
7.200479507446289
7.8601837158203125
8.156538009643555
8.371591567993164
8.348226547241211
7.959604263305664
7.569551467895508
7.599830627441406
8.41379165649414
7.883548736572266
7.68280029296875
8.060216903686523
7.941722869873047
8.404016494750977
8.322715759277344
8.142232894897461
7.725954055786133
7.381200790405273
7.499456405639648
8.589506149291992
9.201526641845703
8.20469856262207
7.869243621826172
7.887840270996094
7.83228874206543
7.175922393798828
7.98487663269043
7.976055145263672
7.895469665527344
7.767677307128906
7.903099060058594
8.170366287231445
7.523059844970703
7.998943328857422
7.841825485229492
7.855653762817383
7.864952087402344
7.780790328979492
7.543325424194336
7.71021842956543
7.927179336547852
7.601499557495117
7.683753967285156
7.852077484130859
8.510112762451172
8.03065299987793
7.632732391357422
7.649898529052734
7.83085823059082
9.236574172973633
17.82536506652832
42.26946830749512
40.37213325500488
46.36979103088379
41.48530960083008
42.99759864807129
40.66634178161621
39.621591567993164
40.95649719238281
40.714263916015625
38.48743438720703
38.53964805603027
43.25437545776367
41.57304763793945
43.28298568725586
40.40169715881348
45.262813568115234
41.20659828186035
40.23313522338867
38.10548782348633
36.7579460144043
39.8561954498291
39.1082763671875
37.9796028137207
37.70303726196289
34.34610366821289
34.83891487121582
33.92958641052246
36.80133819580078
34.47890281677246
31.265974044799805
8.474111557006836
8.821725845336914
9.412527084350586
10.063886642456055
9.604692459106445
12.161493301391602
11.964797973632812
8.435964584350586
9.072303771972656
9.276390075683594
8.75234603881836
8.226633071899414
8.464336395263672
8.703947067260742
8.435964584350586
9.1094970703125
9.114503860473633
12.810707092285156
9.88006591796875
9.726285934448242
7.141590118408203
7.5473785400390625
7.715940475463867
7.975339889526367
7.79271125793457
7.963418960571289
8.916139602661133
9.218692779541016
8.591890335083008
8.281707763671875
7.98344612121582
8.151054382324219
8.074283599853516
7.8029632568359375
7.5130462646484375
7.423639297485352
7.546424865722656
7.431983947753906
7.755756378173828
8.067846298217773
8.183717727661133
8.70513916015625
8.171558380126953
7.56072998046875
7.658481597900391
7.708311080932617
8.559942245483398
8.960962295532227
7.569551467895508
7.927179336547852
7.6503753662109375
8.054018020629883
8.262395858764648
8.088827133178711
8.559465408325195
7.702827453613281
7.770299911499023
7.4977874755859375
7.513523101806641
7.744312286376953
8.066654205322266
8.191347122192383
8.059024810791016
7.5283050537109375
7.856130599975586
8.342981338500977
7.616519927978516
7.786750793457031
8.834123611450195
7.645130157470703
7.343769073486328
7.693767547607422
7.735967636108398
7.588863372802734
8.512258529663086
7.560968399047852
7.998943328857422
7.698774337768555
7.61866569519043
8.067846298217773
8.171796798706055
7.4005126953125
11.461496353149414
10.796070098876953
9.363412857055664
11.210918426513672
13.242244720458984
12.148141860961914
18.143415451049805
20.855426788330078
13.262510299682617
16.481399536132812
13.422489166259766
8.914709091186523
9.020805358886719
7.803916931152344
7.989168167114258
8.15725326538086
7.3871612548828125
7.712841033935547
8.021831512451172
7.592678070068359
7.323741912841797
7.436037063598633
7.639408111572266
7.375955581665039
7.078409194946289
7.916450500488281
7.692575454711914
7.297039031982422
7.240533828735352
7.557153701782227
7.351875305175781
7.487773895263672
7.613897323608398
7.5664520263671875
7.442474365234375
7.743120193481445
7.726907730102539
7.587432861328125
7.187128067016602
8.668899536132812
8.004903793334961
8.331298828125
8.133888244628906
7.549047470092773
8.022785186767578
8.192300796508789
8.025407791137695
9.753704071044922
7.928133010864258
7.222652435302734
7.672548294067383
7.763385772705078
7.830619812011719
8.755922317504883
7.544755935668945
7.793903350830078
8.239984512329102
7.975101470947266
8.42428207397461
7.649660110473633
9.21010971069336
7.986545562744141
8.41975212097168
40.13943672180176
40.949106216430664
42.27852821350098
40.30251502990723
41.02063179016113
38.22064399719238
40.45248031616211
39.14618492126465
39.031028747558594
37.627220153808594
37.36257553100586
37.67657279968262
38.20443153381348
38.63978385925293
37.30440139770508
36.93437576293945
32.09972381591797
8.76927375793457
8.05044174194336
7.935523986816406
8.365392684936523
8.3465576171875
8.1634521484375
8.672714233398438
8.499860763549805
10.431528091430664
9.470224380493164
7.932186126708984
7.494926452636719
11.470794677734375
8.850336074829102
13.37575912475586
11.367082595825195
10.755538940429688
9.067773818969727
14.678001403808594
39.3986701965332
37.264108657836914
38.15460205078125
40.192365646362305
36.122798919677734
38.799285888671875
36.41366958618164
37.557125091552734
37.413835525512695
35.552978515625
32.593727111816406
33.010005950927734
33.0510139465332
31.83889389038086
32.87529945373535
34.99555587768555
34.191131591796875
36.179304122924805
34.009695053100586
34.1796875
34.34276580810547
16.05367660522461
7.743120193481445
8.026123046875
7.421255111694336
7.747650146484375
8.034467697143555
7.5130462646484375
7.937431335449219
7.984638214111328
7.638216018676758
7.568120956420898
7.874965667724609
7.735967636108398
7.531881332397461
7.899999618530273
7.754325866699219
7.73167610168457
8.074760437011719
7.952213287353516
7.651090621948242
7.884979248046875
7.59434700012207
7.625818252563477
7.852077484130859
8.123397827148438
7.2689056396484375
7.811546325683594
8.75234603881836
8.006095886230469
7.981061935424805
8.388996124267578
7.6503753662109375
7.941484451293945
7.427692413330078
7.544040679931641
7.686376571655273
8.01396369934082
8.214950561523438
7.412433624267578
7.456779479980469
7.78961181640625
7.634162902832031
7.411003112792969
7.575750350952148
7.332563400268555
7.386207580566406
7.748603820800781
7.220745086669922
7.866859436035156
7.458925247192383
7.955789566040039
7.306337356567383
7.451534271240234
7.784843444824219
7.4481964111328125
7.88426399230957
8.024454116821289
8.045673370361328
7.608890533447266
7.649421691894531
8.121967315673828
7.634878158569336
7.609367370605469
7.839441299438477
7.477283477783203
7.4977874755859375
7.918357849121094
7.722377777099609
7.406711578369141
7.529020309448242
7.691621780395508
7.721662521362305
7.378101348876953
7.047176361083984
7.304191589355469
7.033824920654297
7.409334182739258
7.228851318359375
7.608890533447266
7.681369781494141
7.224559783935547
7.5321197509765625
7.874727249145508
7.555246353149414
7.434368133544922
7.171630859375
7.311582565307617
6.977081298828125
8.09621810913086
7.4939727783203125
7.541418075561523
7.762908935546875
7.659673690795898
7.546901702880859
8.043289184570312
7.833719253540039
7.615089416503906
7.493019104003906
7.269144058227539
7.83538818359375
7.158756256103516
7.576465606689453
7.790088653564453
7.544517517089844
7.964134216308594
7.426023483276367
7.342815399169922
7.460594177246094
8.302450180053711
7.572174072265625
7.658720016479492
7.328271865844727
7.674217224121094
7.227897644042969
7.287740707397461
7.699489593505859
7.944345474243164
7.7838897705078125
7.331609725952148
7.22050666809082
7.698297500610352
7.827520370483398
7.953405380249023
7.660865783691406
7.798194885253906
7.790803909301758
7.811546325683594
7.603168487548828
8.388519287109375
9.325981140136719
8.934497833251953
8.335351943969727
8.35275650024414
8.260488510131836
7.265567779541016
7.776021957397461
8.483171463012695
7.787466049194336
7.829904556274414
7.671594619750977
7.979869842529297
8.65626335144043
8.489370346069336
7.863044738769531
8.245229721069336
8.79049301147461
7.714033126831055
8.005857467651367
8.063316345214844
7.834911346435547
8.393287658691406
7.813215255737305
7.508993148803711
8.81648063659668
8.934974670410156
7.920503616333008
9.453773498535156
40.07840156555176
41.12744331359863
41.79525375366211
40.953874588012695
42.04082489013672
40.439605712890625
42.48666763305664
40.671586990356445
39.190053939819336
39.51454162597656
38.27357292175293
40.59195518493652
38.15293312072754
37.518978118896484
38.921356201171875
39.021968841552734
39.97993469238281
38.87057304382324
38.30909729003906
39.30258750915527
40.5888557434082
40.4515266418457
38.69342803955078
36.4077091217041
34.47318077087402
34.60073471069336
34.93785858154297
32.89484977722168
33.50830078125
33.55574607849121
32.97734260559082
33.32233428955078
33.25629234313965
34.17205810546875
34.7905158996582
33.130645751953125
35.300254821777344
34.71851348876953
34.4538688659668
34.337520599365234
35.40349006652832
35.040855407714844
34.54327583312988
31.86511993408203
32.221078872680664
31.90922737121582
31.536579132080078
30.026674270629883
32.40633010864258
17.540693283081055
7.964849472045898
8.77523422241211
8.741378784179688
7.737636566162109
7.886171340942383
7.786273956298828
7.672309875488281
7.968902587890625
7.821321487426758
8.111238479614258
7.676601409912109
7.739782333374023
7.925748825073242
7.318258285522461
7.523298263549805
7.805109024047852
8.424997329711914
7.693052291870117
7.965326309204102
8.104562759399414
7.72547721862793
8.08262825012207
8.195877075195312
