206.1145305633545
158.95819664001465
190.4313564300537
59.72623825073242
120.11885643005371
211.0612392425537
184.2176914215088
144.54936981201172
154.32333946228027
222.2437858581543
135.1325511932373
212.70012855529785
118.83211135864258
133.52370262145996
156.48722648620605
129.16159629821777
148.0274200439453
140.58971405029297
149.70850944519043
151.46350860595703
196.9771385192871
172.77193069458008
162.8122329711914
116.87183380126953
89.76864814758301
100.84414482116699
79.65302467346191
79.01358604431152
150.7868766784668
107.61499404907227
162.35733032226562
147.22013473510742
187.09659576416016
129.7924518585205
140.31243324279785
164.5517349243164
144.35434341430664
156.23855590820312
127.04753875732422
127.75206565856934
131.2406063079834
131.71792030334473
133.70919227600098
130.6593418121338
126.80244445800781
71.11644744873047
123.78573417663574
125.96988677978516
126.47175788879395
138.95559310913086
132.3540210723877
164.4613742828369
176.12051963806152
165.09342193603516
136.25168800354004
133.90159606933594
138.7805938720703
126.12128257751465
133.69226455688477
134.9964141845703
148.86474609375
125.89669227600098
141.13688468933105
138.83662223815918
127.89440155029297
194.84353065490723
154.2794704437256
147.57871627807617
126.80816650390625
75.88911056518555
147.9027271270752
132.54642486572266
56.82206153869629
187.53385543823242
62.98112869262695
120.96953392028809
67.82221794128418
128.6752223968506
71.15793228149414
131.70123100280762
140.3062343597412
135.18643379211426
71.21157646179199
169.53229904174805
177.97136306762695
142.7023410797119
163.69366645812988
153.18942070007324
133.35037231445312
158.6589813232422
78.71818542480469
48.526763916015625
74.98311996459961
134.5968246459961
79.12445068359375
133.94594192504883
129.46534156799316
68.20511817932129
75.23846626281738
42.05441474914551
207.28540420532227
183.59947204589844
208.07957649230957
237.36023902893066
214.1873836517334
89.12801742553711
169.10481452941895
160.45236587524414
156.235933303833
148.51617813110352
163.55633735656738
207.8535556793213
110.36014556884766
84.64837074279785
88.9749526977539
160.9020233154297
231.2464714050293
137.24279403686523
162.13083267211914
139.9073600769043
162.8246307373047
150.740385055542
109.55095291137695
160.60328483581543
146.94666862487793
135.451078414917
142.84420013427734
163.89012336730957
105.22174835205078
180.86528778076172
245.6979751586914
166.70465469360352
209.56945419311523
139.15705680847168
307.3840141296387
135.7119083404541
142.80462265014648
188.89331817626953
201.3070583343506
77.32224464416504
69.1070556640625
173.6733913421631
102.81753540039062
134.83190536499023
146.93212509155273
148.84018898010254
113.6772632598877
131.85882568359375
114.85457420349121
125.04935264587402
123.4891414642334
190.9034252166748
151.75914764404297
55.12356758117676
59.717655181884766
136.59334182739258
132.8716278076172
127.9444694519043
149.75428581237793
86.47418022155762
142.29822158813477
129.50897216796875
129.34517860412598
126.53875350952148
126.76715850830078
135.1625919342041
137.772798538208
128.0825138092041
131.83283805847168
133.69178771972656
142.74835586547852
175.032377243042
160.62307357788086
153.425931930542
189.21470642089844
118.6981201171875
132.81965255737305
133.96954536437988
128.06129455566406
126.55234336853027
62.622785568237305
78.36484909057617
128.9961338043213
137.4340057373047
177.66189575195312
144.2718505859375
154.34932708740234
179.95715141296387
175.22358894348145
162.54186630249023
212.4307155609131
145.08318901062012
118.76130104064941
153.69844436645508
152.19545364379883
158.50424766540527
156.68034553527832
214.31732177734375
136.58666610717773
209.46860313415527
212.7537727355957
128.53598594665527
120.07713317871094
126.32274627685547
143.16391944885254
402.19569206237793
157.89484977722168
226.1505126953125
167.01054573059082
165.09079933166504
378.9544105529785
180.50622940063477
151.12805366516113
135.99634170532227
192.91162490844727
332.26728439331055
380.3708553314209
165.2662754058838
138.45133781433105
258.84151458740234
170.7775592803955
158.54811668395996
198.94766807556152
127.81071662902832
150.72894096374512
126.13034248352051
145.7681655883789
89.45512771606445
133.58306884765625
205.09624481201172
137.82358169555664
181.38980865478516
160.25733947753906
153.7933349609375
156.1574935913086
208.0209255218506
160.13503074645996
191.36977195739746
193.7868595123291
159.2690944671631
131.98566436767578
130.5077075958252
145.9352970123291
146.026611328125
142.59886741638184
140.90919494628906
133.06808471679688
135.223388671875
139.2500400543213
127.56586074829102
129.12583351135254
174.91722106933594
126.76024436950684
152.21452713012695
138.092041015625
146.41857147216797
106.96005821228027
61.99479103088379
71.50936126708984
166.23449325561523
157.53841400146484
174.1349697113037
146.88420295715332
137.06493377685547
133.99910926818848
141.11971855163574
165.7273769378662
163.76996040344238
185.85729598999023
136.29412651062012
133.36801528930664
158.18190574645996
138.27252388000488
78.98139953613281
130.6297779083252
150.8009433746338
183.27093124389648
179.29410934448242
155.8074951171875
187.3457431793213
155.68232536315918
128.2196044921875
77.79860496520996
127.32267379760742
133.10694694519043
198.71854782104492
102.17571258544922
191.75076484680176
62.32142448425293
178.12442779541016
263.3786201477051
285.7215404510498
184.49878692626953
133.48865509033203
170.17173767089844
200.04749298095703
145.86520195007324
183.99858474731445
130.57208061218262
189.68820571899414
132.07483291625977
158.5249900817871
161.41939163208008
133.60142707824707
147.7491855621338
125.78845024108887
117.21420288085938
136.8563175201416
138.72671127319336
141.50547981262207
202.09717750549316
148.33593368530273
148.05960655212402
125.75721740722656
152.1751880645752
162.2309684753418
152.66060829162598
159.80887413024902
140.64383506774902
135.65921783447266
56.39052391052246
108.58535766601562
202.7432918548584
178.73501777648926
254.288911819458
170.50695419311523
180.8793544769287
163.10477256774902
211.20214462280273
143.1589126586914
179.2585849761963
387.37034797668457
219.79093551635742
186.93947792053223
169.70252990722656
132.0793628692627
249.97520446777344
269.3748474121094
447.43990898132324
209.06376838684082
136.8424892425537
125.41532516479492
126.17063522338867
58.43997001647949
211.75599098205566
165.5862331390381
125.45514106750488
125.91910362243652
105.06987571716309
252.35724449157715
116.81008338928223
203.0808925628662
289.2642021179199
206.87437057495117
291.09859466552734
166.85891151428223
149.24216270446777
190.83261489868164
105.03005981445312
134.2182159423828
97.78308868408203
80.99007606506348
138.00334930419922
134.82332229614258
143.83268356323242
126.55854225158691
223.88291358947754
127.5172233581543
196.72179222106934
156.24094009399414
144.9887752532959
137.88080215454102
134.25803184509277
171.29945755004883
94.62213516235352
144.58990097045898
134.7048282623291
147.21965789794922
120.37777900695801
164.2930507659912
144.73342895507812
138.69452476501465
280.7741165161133
131.76584243774414
66.29109382629395
120.3615665435791
110.8698844909668
125.99873542785645
67.91853904724121
152.76622772216797
84.49363708496094
133.6972713470459
130.96880912780762
81.45332336425781
131.90841674804688
139.82629776000977
130.94592094421387
86.58409118652344
94.17152404785156
149.31249618530273
129.34160232543945
199.38135147094727
165.31991958618164
130.2776336669922
104.14743423461914
147.5229263305664
129.50658798217773
149.0950584411621
82.55934715270996
107.23638534545898
137.60805130004883
140.88940620422363
131.42800331115723
138.82684707641602
144.82975006103516
137.57872581481934
155.05385398864746
109.46297645568848
209.62905883789062
206.43901824951172
140.51270484924316
202.0246982574463
131.41894340515137
138.51571083068848
154.72102165222168
144.2587375640869
173.15340042114258
195.61195373535156
130.10025024414062
125.4417896270752
125.89073181152344
125.25701522827148
126.09648704528809
100.71492195129395
202.79598236083984
156.9986343383789
155.8985710144043
189.41688537597656
159.9106788635254
149.74236488342285
190.63997268676758
166.46099090576172
168.78151893615723
145.7962989807129
121.35028839111328
168.90382766723633
177.6261329650879
162.55998611450195
134.8249912261963
152.1141529083252
159.68823432922363
190.1681423187256
177.5381565093994
102.51951217651367
131.99591636657715
140.86389541625977
153.23281288146973
140.14410972595215
138.7310028076172
99.20454025268555
149.6262550354004
135.29634475708008
133.0416202545166
142.09461212158203
288.0246639251709
65.05227088928223
127.5641918182373
132.30347633361816
136.52539253234863
142.75789260864258
128.91793251037598
129.2552947998047
125.53215026855469
130.60641288757324
137.3007297515869
139.11128044128418
137.28642463684082
131.7613124847412
152.57811546325684
131.5147876739502
150.0403881072998
87.44025230407715
150.8016586303711
176.4214038848877
139.01782035827637
143.16463470458984
302.28614807128906
202.37016677856445
215.101957321167
248.6436367034912
184.31878089904785
165.63725471496582
208.63103866577148
228.7297248840332
151.29780769348145
214.0035629272461
135.0841522216797
132.11774826049805
106.19974136352539
165.55404663085938
263.44847679138184
176.05876922607422
222.26953506469727
142.25506782531738
134.81879234313965
267.99893379211426
142.40527153015137
158.2167148590088
161.2570285797119
185.81342697143555
157.79757499694824
99.64823722839355
108.08491706848145
182.86633491516113
211.14635467529297
153.52749824523926
139.01758193969727
182.35087394714355
141.9968605041504
174.3001937866211
161.7138385772705
139.15610313415527
181.72001838684082
140.47574996948242
133.1782341003418
167.23251342773438
95.89171409606934
243.47424507141113
185.89043617248535
172.821044921875
164.93988037109375
139.2078399658203
104.90250587463379
231.1420440673828
198.64153861999512
232.55491256713867
186.52772903442383
127.34079360961914
193.1295394897461
245.82672119140625
236.29450798034668
160.15124320983887
138.8547420501709
273.2832431793213
203.7506103515625
234.50207710266113
212.10741996765137
142.75002479553223
272.36485481262207
153.31459045410156
142.11130142211914
127.19058990478516
141.03102684020996
163.68913650512695
233.78300666809082
74.77474212646484
130.31363487243652
151.7491340637207
150.32243728637695
136.12079620361328
151.62205696105957
230.61347007751465
166.1367416381836
160.24374961853027
218.8553810119629
205.29913902282715
145.5392837524414
109.30252075195312
136.18040084838867
195.81985473632812
152.3122787475586
173.52819442749023
228.29246520996094
136.42406463623047
138.89312744140625
158.45751762390137
126.15323066711426
123.09813499450684
121.90628051757812
139.30535316467285
50.60005187988281
38.21277618408203
126.85203552246094
128.76009941101074
126.71303749084473
135.7567310333252
129.91738319396973
128.2663345336914
92.55433082580566
131.55007362365723
127.29072570800781
125.89144706726074
136.9609832763672
149.3396759033203
129.79793548583984
189.88680839538574
167.25659370422363
197.80516624450684
382.3883533477783
153.93686294555664
215.90542793273926
146.20566368103027
152.74667739868164
101.87602043151855
110.95666885375977
131.8521499633789
101.56965255737305
132.0326328277588
135.3602409362793
189.8183822631836
126.52969360351562
66.79773330688477
47.190189361572266
70.05071640014648
150.4373550415039
204.20193672180176
96.78053855895996
98.49810600280762
59.227943420410156
79.98418807983398
101.09567642211914
73.32324981689453
80.01184463500977
85.1297378540039
130.3706169128418
130.84769248962402
126.71446800231934
126.80363655090332
150.27689933776855
93.5821533203125
134.16600227355957
93.27077865600586
55.07349967956543
85.01172065734863
130.6915283203125
75.69718360900879
63.443899154663086
159.08384323120117
132.34639167785645
131.09540939331055
132.4770450592041
144.42110061645508
113.75069618225098
156.38113021850586
128.83901596069336
152.84252166748047
141.96133613586426
129.91070747375488
156.69870376586914
183.2284927368164
134.19532775878906
156.09073638916016
139.97769355773926
149.49893951416016
112.01667785644531
147.7053165435791
153.71227264404297
131.37197494506836
127.19249725341797
137.35365867614746
130.57780265808105
74.77045059204102
134.64784622192383
138.6423110961914
160.4592800140381
143.18418502807617
132.97748565673828
126.14631652832031
168.16329956054688
129.59861755371094
137.9566192626953
84.22565460205078
127.40087509155273
126.57451629638672
126.6179084777832
125.13589859008789
132.11846351623535
127.77400016784668
83.5869312286377
66.62821769714355
165.9529209136963
139.58096504211426
157.11188316345215
144.927978515625
154.79516983032227
161.76652908325195
145.73121070861816
166.9292449951172
127.16937065124512
148.55170249938965
140.88678359985352
152.26411819458008
140.4571533203125
143.38064193725586
139.6195888519287
141.0219669342041
128.13138961791992
136.0318660736084
139.5256519317627
143.86367797851562
146.59357070922852
72.15046882629395
114.17961120605469
121.66023254394531
130.6018829345703
127.92301177978516
126.7704963684082
137.72940635681152
66.33925437927246
58.278560638427734
131.96897506713867
61.96165084838867
90.23332595825195
74.14722442626953
134.59110260009766
65.35625457763672
103.5454273223877
134.46855545043945
141.10970497131348
85.42847633361816
149.3356227874756
80.95502853393555
174.4527816772461
174.605131149292
143.93234252929688
205.51085472106934
138.10229301452637
142.37594604492188
150.90107917785645
135.0102424621582
214.20645713806152
215.99245071411133
157.15718269348145
148.84233474731445
93.25885772705078
152.4820327758789
126.82867050170898
129.78625297546387
164.6745204925537
127.81834602355957
142.4388885498047
151.30114555358887
92.5140380859375
129.92262840270996
153.28192710876465
125.97823143005371
126.07717514038086
108.96897315979004
126.27124786376953
126.10840797424316
125.5793571472168
229.27522659301758
160.06898880004883
179.93760108947754
197.5703239440918
150.75278282165527
125.20956993103027
126.38258934020996
126.39331817626953
125.77295303344727
126.32250785827637
125.68926811218262
138.5183334350586
156.7368507385254
207.07058906555176
262.83788681030273
170.7756519317627
139.70422744750977
107.77831077575684
79.52070236206055
95.3209400177002
78.22036743164062
293.8113212585449
274.1663455963135
236.49120330810547
170.57371139526367
133.86869430541992
149.1551399230957
145.0061798095703
151.96657180786133
151.6554355621338
282.6368808746338
168.39337348937988
258.39805603027344
127.07376480102539
135.80584526062012
144.27518844604492
128.39794158935547
125.33807754516602
126.00898742675781
126.1911392211914
126.6014575958252
125.16403198242188
125.71525573730469
126.89518928527832
135.6954574584961
73.4720230102539
119.83919143676758
63.74073028564453
142.62938499450684
135.41674613952637
132.89570808410645
132.8723430633545
131.18577003479004
134.5372200012207
91.0344123840332
96.41599655151367
134.25564765930176
141.77894592285156
176.53846740722656
162.2176170349121
169.81959342956543
142.80080795288086
76.99322700500488
141.10302925109863
75.90103149414062
133.6367130279541
127.33864784240723
144.6218490600586
161.94772720336914
173.9029884338379
159.84725952148438
183.52198600769043
164.61730003356934
131.08372688293457
178.36761474609375
89.60199356079102
216.8099880218506
153.9285182952881
144.29569244384766
231.52542114257812
193.03560256958008
73.44865798950195
208.71496200561523
127.8998851776123
188.84587287902832
199.6455192565918
164.8123264312744
142.54021644592285
149.6119499206543
150.78139305114746
194.5943832397461
95.17931938171387
151.2913703918457
142.0760154724121
108.11400413513184
54.31532859802246
129.0881633758545
139.00327682495117
131.0584545135498
81.27808570861816
85.01839637756348
82.20911026000977
102.31471061706543
116.16373062133789
115.0827407836914
75.58727264404297
111.26112937927246
125.45418739318848
131.24775886535645
141.34860038757324
138.05294036865234
62.867164611816406
131.1192512512207
133.52656364440918
79.65230941772461
127.59828567504883
139.79268074035645
139.52088356018066
135.40315628051758
77.45599746704102
139.39762115478516
137.2227668762207
127.48956680297852
102.10013389587402
130.4006576538086
119.62890625
130.71250915527344
102.62179374694824
124.17459487915039
127.65884399414062
128.22866439819336
133.98432731628418
128.39341163635254
139.53828811645508
137.08758354187012
130.50031661987305
144.59776878356934
69.08345222473145
134.83738899230957
134.1853141784668
129.69183921813965
134.7966194152832
135.43367385864258
145.47443389892578
145.19953727722168
49.45230484008789
126.3277530670166
159.69347953796387
151.92818641662598
180.15170097351074
162.5351905822754
139.4960880279541
159.19041633605957
132.15351104736328
158.51163864135742
149.36184883117676
153.0623435974121
156.9845676422119
151.57079696655273
168.5044765472412
155.20119667053223
151.60369873046875
134.89556312561035
169.69537734985352
81.83860778808594
123.62813949584961
113.67559432983398
72.98040390014648
65.62447547912598
302.3374080657959
213.98115158081055
170.62139511108398
158.85186195373535
109.22932624816895
81.8638801574707
144.01674270629883
143.15080642700195
158.25128555297852
143.7528133392334
60.727834701538086
142.0447826385498
123.27718734741211
140.53964614868164
164.11733627319336
151.12566947937012
210.45279502868652
