BEAGLEBONE:  IA-01RaCtrl:CO-PSCtrl-SI2
IP_ADDRESS:  10.128.101.122
18.511056900024414
9.941339492797852
10.303497314453125
13.00048828125
12.965917587280273
13.218164443969727
13.045310974121094
13.019084930419922
13.264179229736328
13.066768646240234
13.235092163085938
13.149261474609375
13.35453987121582
12.767553329467773
13.06462287902832
12.794256210327148
12.94088363647461
12.881755828857422
13.396263122558594
13.025045394897461
13.105630874633789
13.030767440795898
13.08131217956543
13.391256332397461
13.216495513916016
13.184547424316406
13.288021087646484
13.218164443969727
13.73600959777832
13.26131820678711
13.489007949829102
13.73147964477539
13.370275497436523
13.448238372802734
13.082265853881836
13.13924789428711
13.169527053833008
12.948751449584961
13.547897338867188
13.029098510742188
13.119697570800781
13.071060180664062
13.228893280029297
13.133764266967773
13.020992279052734
13.08584213256836
13.289451599121094
13.089656829833984
13.067245483398438
13.16523551940918
13.175010681152344
12.920856475830078
13.134002685546875
13.808727264404297
13.133764266967773
13.14997673034668
13.097763061523438
13.275384902954102
13.184070587158203
13.236761093139648
13.305187225341797
14.21666145324707
13.155460357666016
13.079643249511719
13.113021850585938
13.183832168579102
13.900518417358398
13.388872146606445
13.71908187866211
13.56959342956543
13.163566589355469
13.241767883300781
13.130903244018555
13.061761856079102
12.965679168701172
13.276815414428711
13.891458511352539
13.11492919921875
13.330459594726562
13.23556900024414
13.223886489868164
13.203144073486328
13.069629669189453
13.317108154296875
13.385534286499023
13.275623321533203
13.171195983886719
13.264656066894531
13.236522674560547
13.157129287719727
13.18359375
13.191699981689453
13.271331787109375
13.01121711730957
13.314485549926758
12.879133224487305
13.239860534667969
13.395071029663086
12.900590896606445
13.379812240600586
13.063430786132812
13.242959976196289
12.986898422241211
12.858867645263672
12.777566909790039
12.936115264892578
13.501644134521484
13.340473175048828
13.372421264648438
13.208150863647461
13.37885856628418
13.222455978393555
13.313531875610352
13.08584213256836
13.339996337890625
12.839794158935547
13.273239135742188
13.229608535766602
13.326644897460938
12.91966438293457
13.38052749633789
13.23390007019043
13.291597366333008
13.175725936889648
13.252019882202148
12.954950332641602
13.109445571899414
13.0462646484375
13.186216354370117
13.373851776123047
12.873411178588867
13.09347152709961
13.042211532592773
13.301610946655273
12.871503829956055
12.968778610229492
13.255596160888672
13.371706008911133
13.437032699584961
13.46278190612793
13.188600540161133
13.11039924621582
13.036012649536133
12.77780532836914
12.891054153442383
12.79592514038086
13.255834579467773
13.173103332519531
13.393163681030273
13.242006301879883
13.397932052612305
13.340473175048828
13.902902603149414
13.2904052734375
12.981414794921875
13.067960739135742
13.070344924926758
12.718677520751953
12.445926666259766
12.84933090209961
13.483524322509766
12.903451919555664
13.059854507446289
13.421058654785156
13.318777084350586
13.304471969604492
13.30423355102539
14.307498931884766
13.482809066772461
13.713836669921875
13.370275497436523
13.334274291992188
13.116121292114258
12.935638427734375
12.784957885742188
13.808727264404297
12.985944747924805
13.00358772277832
13.333559036254883
13.195514678955078
13.136148452758789
13.056278228759766
13.059854507446289
13.110637664794922
13.02194595336914
12.859344482421875
13.003110885620117
13.245820999145508
13.019084930419922
13.295173645019531
13.345479965209961
13.091802597045898
13.297080993652344
13.33308219909668
13.192892074584961
13.141155242919922
13.00191879272461
13.051033020019531
13.178110122680664
13.189077377319336
13.184785842895508
13.16213607788086
13.00668716430664
13.088703155517578
13.07225227355957
13.148307800292969
12.927532196044922
13.14687728881836
13.089895248413086
13.119697570800781
13.474464416503906
13.515233993530273
13.236284255981445
13.483285903930664
13.100862503051758
12.989044189453125
13.238668441772461
12.816905975341797
12.92109489440918
12.893199920654297
12.953758239746094
13.145923614501953
12.925863265991211
13.11635971069336
12.884855270385742
13.68093490600586
13.144254684448242
13.377189636230469
13.312816619873047
13.488292694091797
13.332366943359375
13.090133666992188
13.217926025390625
13.438701629638672
13.864994049072266
13.608217239379883
13.082027435302734
13.17906379699707
13.151407241821289
13.315677642822266
13.071775436401367
12.906551361083984
12.944936752319336
13.372659683227539
13.150691986083984
13.54360580444336
13.184785842895508
13.251781463623047
13.061761856079102
13.33165168762207
13.132572174072266
13.847112655639648
13.162374496459961
13.057708740234375
13.196945190429688
13.200998306274414
13.282060623168945
13.582229614257812
14.524459838867188
13.38958740234375
13.086318969726562
12.981176376342773
13.032913208007812
13.219833374023438
13.101339340209961
13.414382934570312
13.895988464355469
13.0157470703125
13.067960739135742
13.293981552124023
13.048648834228516
13.475656509399414
12.975215911865234
13.999700546264648
13.12255859375
13.196706771850586
13.038158416748047
13.030052185058594
13.106107711791992
13.09347152709961
13.112306594848633
13.127565383911133
13.053417205810547
12.900590896606445
13.103246688842773
13.183116912841797
13.253927230834961
13.096809387207031
12.926340103149414
13.251066207885742
12.975215911865234
13.415336608886719
13.103246688842773
13.184547424316406
13.090848922729492
13.193845748901367
13.318300247192383
12.958526611328125
13.236045837402344
13.163328170776367
13.195276260375977
13.189077377319336
13.578176498413086
13.374805450439453
13.46445083618164
12.975692749023438
13.062715530395508
13.116121292114258
13.027429580688477
13.14091682434082
13.085126876831055
13.211727142333984
13.172149658203125
12.339591979980469
12.914180755615234
13.299942016601562
13.093709945678711
12.933492660522461
13.147354125976562
13.36050033569336
12.994766235351562
13.694047927856445
13.057947158813477
13.113975524902344
13.106822967529297
13.213157653808594
13.49949836730957
13.414144515991211
13.396024703979492
13.162612915039062
13.115406036376953
12.976884841918945
13.14544677734375
13.02027702331543
13.180732727050781
13.11802864074707
12.959957122802734
13.059139251708984
13.146638870239258
13.374567031860352
13.077259063720703
12.981414794921875
13.199090957641602
12.989282608032227
13.140439987182617
13.066768646240234
13.247966766357422
13.033390045166016
13.277053833007812
14.239788055419922
13.532638549804688
13.225793838500977
13.365507125854492
13.07821273803711
13.032674789428711
13.163089752197266
13.133049011230469
13.8397216796875
13.155937194824219
13.497114181518555
13.230323791503906
13.190031051635742
13.243913650512695
13.177871704101562
13.68260383605957
13.515472412109375
13.174057006835938
13.412952423095703
13.295412063598633
13.162612915039062
13.144493103027344
13.34524154663086
14.018058776855469
13.159036636352539
13.031721115112305
13.199567794799805
13.337850570678711
13.265132904052734
13.194084167480469
13.079643249511719
13.453483581542969
13.021469116210938
12.860536575317383
13.206720352172852
13.171672821044922
13.131380081176758
13.213634490966797
13.105630874633789
15.497207641601562
13.134002685546875
13.426542282104492
13.243913650512695
13.318777084350586
13.242721557617188
13.039588928222656
13.370275497436523
13.174295425415039
12.845993041992188
12.590646743774414
12.785196304321289
12.809514999389648
13.155937194824219
13.669729232788086
13.153791427612305
13.56816291809082
13.264894485473633
13.205289840698242
13.135194778442383
13.079166412353516
12.992143630981445
13.333320617675781
12.922525405883789
13.119220733642578
13.234138488769531
12.96377182006836
13.028621673583984
12.991189956665039
13.260364532470703
13.199329376220703
13.199806213378906
13.103723526000977
13.025999069213867
13.009071350097656
13.061285018920898
13.188838958740234
13.403177261352539
13.482809066772461
13.088464736938477
13.123750686645508
12.874603271484375
12.715578079223633
12.492656707763672
12.67242431640625
12.463092803955078
12.800216674804688
12.784957885742188
12.700319290161133
12.714147567749023
12.632608413696289
12.697935104370117
12.810945510864258
12.933015823364258
12.462139129638672
12.520313262939453
12.766838073730469
12.853145599365234
13.39268684387207
12.560367584228516
13.107776641845703
13.009786605834961
12.632131576538086
12.603282928466797
12.586832046508789
12.717247009277344
12.536048889160156
12.965917587280273
13.292074203491211
12.775659561157227
14.52016830444336
12.773990631103516
12.729406356811523
12.602806091308594
12.536287307739258
12.712717056274414
13.81826400756836
12.679815292358398
12.726783752441406
12.694358825683594
12.507915496826172
12.676715850830078
12.649774551391602
12.552976608276367
13.648271560668945
12.473344802856445
12.98666000366211
12.630224227905273
12.583732604980469
12.512445449829102
12.578964233398438
12.571573257446289
13.067007064819336
12.695789337158203
12.66336441040039
12.515783309936523
12.79902458190918
13.237476348876953
12.68625259399414
12.72892951965332
13.154745101928711
13.066530227661133
12.830495834350586
12.72726058959961
12.628316879272461
12.724876403808594
12.465953826904297
13.084650039672852
12.831449508666992
12.714624404907227
12.658119201660156
12.637853622436523
12.682914733886719
12.682199478149414
12.676477432250977
12.952804565429688
12.767553329467773
12.725353240966797
13.165950775146484
12.606382369995117
12.586116790771484
12.512445449829102
12.594223022460938
12.660980224609375
12.449026107788086
12.430906295776367
12.588262557983398
10.497093200683594
9.217500686645508
9.634256362915039
9.554624557495117
11.422395706176758
12.814521789550781
12.55941390991211
12.660741806030273
12.822628021240234
12.577056884765625
12.542247772216797
12.664556503295898
12.575864791870117
13.196468353271484
12.838125228881836
12.656927108764648
12.921810150146484
12.477636337280273
12.546777725219727
12.608766555786133
12.788534164428711
12.698173522949219
12.600898742675781
12.568950653076172
12.669086456298828
12.472391128540039
12.542724609375
12.604713439941406
12.612581253051758
13.025999069213867
12.990474700927734
13.212203979492188
13.06295394897461
12.909412384033203
13.074159622192383
13.243675231933594
13.157844543457031
13.814449310302734
13.254165649414062
13.185262680053711
13.050079345703125
13.128519058227539
13.146162033081055
12.896299362182617
14.091968536376953
13.236761093139648
13.161897659301758
13.016700744628906
12.888669967651367
13.22793960571289
13.073921203613281
13.097524642944336
13.89002799987793
13.109683990478516
13.193607330322266
13.06462287902832
13.18979263305664
13.05079460144043
12.939453125
13.735771179199219
13.235330581665039
12.969255447387695
13.139009475708008
13.096332550048828
13.057947158813477
13.044595718383789
13.150691986083984
13.086795806884766
13.216495513916016
13.006210327148438
12.928485870361328
13.324975967407227
13.005971908569336
13.194084167480469
12.734651565551758
13.282537460327148
12.92276382446289
13.225793838500977
13.06915283203125
13.32402229309082
13.232707977294922
13.225078582763672
13.149499893188477
13.105392456054688
13.040542602539062
12.921571731567383
13.245105743408203
13.105630874633789
13.036251068115234
13.115644454956055
13.07821273803711
13.133049011230469
13.141393661499023
13.173103332519531
13.095378875732422
13.011455535888672
13.19265365600586
13.137102127075195
13.262033462524414
13.122320175170898
13.137102127075195
13.139486312866211
13.043403625488281
13.15164566040039
13.039112091064453
13.223409652709961
13.206243515014648
13.028621673583984
13.350248336791992
13.568401336669922
12.955188751220703
13.477325439453125
13.41557502746582
13.86570930480957
13.665914535522461
13.523101806640625
13.332605361938477
13.35763931274414
13.285160064697266
13.367891311645508
13.766765594482422
13.01121711730957
13.298749923706055
13.343334197998047
13.27204704284668
13.293266296386719
12.996673583984375
13.293027877807617
13.108968734741211
13.214588165283203
13.125896453857422
13.190984725952148
13.25678825378418
13.37575912475586
12.978553771972656
13.848543167114258
13.267755508422852
12.444257736206055
13.117790222167969
13.225317001342773
13.204574584960938
13.352394104003906
13.336181640625
13.989925384521484
13.080120086669922
13.191938400268555
13.078927993774414
13.080358505249023
13.458013534545898
12.446880340576172
13.672828674316406
13.107061386108398
13.077259063720703
13.080358505249023
13.222694396972656
13.092994689941406
13.153553009033203
13.12112808227539
13.952970504760742
13.323068618774414
13.292312622070312
13.564825057983398
13.315677642822266
13.21268081665039
13.088703155517578
12.965679168701172
13.386726379394531
12.98213005065918
13.058662414550781
13.037443161010742
12.683391571044922
13.554096221923828
13.203620910644531
13.222694396972656
13.060569763183594
13.22793960571289
13.15164566040039
13.222694396972656
13.141393661499023
12.934207916259766
13.258695602416992
13.286828994750977
12.393474578857422
13.737678527832031
13.250350952148438
13.151884078979492
13.026714324951172
13.174772262573242
12.937545776367188
13.409137725830078
13.226985931396484
13.319969177246094
13.112306594848633
13.028144836425781
13.117313385009766
13.00811767578125
13.372182846069336
13.159513473510742
13.158082962036133
13.205766677856445
13.315916061401367
13.163566589355469
13.145208358764648
12.305259704589844
13.234853744506836
13.034343719482422
12.986421585083008
13.081550598144531
12.964010238647461
13.151407241821289
12.992143630981445
13.134241104125977
13.263940811157227
12.9547119140625
13.06605339050293
13.214588165283203
12.9852294921875
13.22317123413086
12.98975944519043
13.362884521484375
13.092994689941406
13.16213607788086
13.123273849487305
13.108491897583008
13.152837753295898
12.986898422241211
13.10276985168457
13.37122917175293
13.1378173828125
13.260364532470703
13.256072998046875
13.148784637451172
13.154029846191406
13.053417205810547
13.75579833984375
13.353824615478516
13.164043426513672
13.02957534790039
13.33165168762207
13.323307037353516
13.06295394897461
13.188838958740234
13.745307922363281
13.00048828125
13.095378875732422
13.146162033081055
12.933492660522461
12.96091079711914
13.406991958618164
14.35089111328125
13.584613800048828
12.993335723876953
13.184070587158203
12.987613677978516
12.975692749023438
13.02480697631836
13.070106506347656
14.212369918823242
13.128995895385742
12.847661972045898
13.093948364257812
13.272762298583984
13.115167617797852
13.12398910522461
13.03243637084961
13.390302658081055
13.178110122680664
13.151884078979492
13.011932373046875
13.132333755493164
13.038873672485352
13.165473937988281
13.373374938964844
12.981414794921875
13.112545013427734
13.113737106323242
13.128995895385742
13.039588928222656
13.050556182861328
13.160228729248047
13.337135314941406
13.294696807861328
12.972593307495117
13.37575912475586
13.19432258605957
13.187408447265625
13.050079345703125
13.178348541259766
13.117313385009766
13.132333755493164
13.136625289916992
13.252973556518555
13.03410530090332
12.926340103149414
12.949466705322266
13.348102569580078
13.063430786132812
13.083934783935547
13.106107711791992
12.957572937011719
13.234853744506836
12.980461120605469
12.859582901000977
12.967348098754883
13.257741928100586
13.025283813476562
13.217449188232422
13.220548629760742
13.213872909545898
13.104438781738281
13.022184371948242
13.352155685424805
13.133049011230469
13.102531433105469
13.117790222167969
13.709306716918945
13.048171997070312
13.226032257080078
13.463258743286133
13.02480697631836
13.227701187133789
13.031482696533203
12.965679168701172
13.082265853881836
13.216972351074219
13.166189193725586
13.288497924804688
13.209819793701172
13.072490692138672
13.045072555541992
13.115406036376953
12.965202331542969
12.997150421142578
14.170169830322266
13.218879699707031
13.025522232055664
13.124227523803711
13.141393661499023
13.050556182861328
12.904644012451172
13.240337371826172
14.075517654418945
13.216495513916016
13.00191879272461
13.116598129272461
13.146162033081055
13.086080551147461
13.176202774047852
13.798713684082031
13.615608215332031
13.24915885925293
13.020038604736328
13.105154037475586
13.06915283203125
12.948036193847656
12.924671173095703
13.921737670898438
13.051509857177734
13.022899627685547
13.07058334350586
13.31782341003418
12.995481491088867
13.068914413452148
12.965679168701172
13.340234756469727
13.057947158813477
13.065099716186523
13.161659240722656
12.974739074707031
12.924909591674805
13.202905654907227
13.260126113891602
13.107776641845703
13.060331344604492
13.119935989379883
13.098478317260742
13.009071350097656
12.895345687866211
12.890338897705078
13.234376907348633
12.988805770874023
13.115882873535156
13.412714004516602
13.195037841796875
13.109445571899414
12.932777404785156
13.059854507446289
13.263702392578125
13.163328170776367
13.337850570678711
13.242721557617188
13.076305389404297
13.065099716186523
12.96091079711914
13.017416000366211
13.16070556640625
13.194799423217773
13.612747192382812
13.519048690795898
13.03243637084961
13.528108596801758
13.022184371948242
13.414859771728516
12.977123260498047
13.03863525390625
12.994766235351562
12.914657592773438
13.022422790527344
12.96091079711914
13.072013854980469
13.093233108520508
12.986421585083008
12.888669967651367
12.915611267089844
13.121604919433594
13.269186019897461
13.139724731445312
14.001607894897461
13.119935989379883
13.08894157409668
13.245582580566406
12.813329696655273
12.98666000366211
13.095617294311523
13.113975524902344
13.365745544433594
13.140201568603516
13.34381103515625
13.113975524902344
13.109445571899414
13.031959533691406
13.103723526000977
13.868093490600586
13.15450668334961
13.08894157409668
13.087987899780273
13.153791427612305
13.047933578491211
13.06915283203125
12.902259826660156
14.455556869506836
13.127803802490234
13.088703155517578
13.062238693237305
13.384819030761719
13.496160507202148
13.33928108215332
13.547897338867188
13.28897476196289
13.371944427490234
12.999296188354492
13.305425643920898
13.043403625488281
12.909889221191406
12.631416320800781
13.520002365112305
12.971878051757812
13.30113410949707
13.173341751098633
13.490915298461914
13.184309005737305
13.000965118408203
13.318061828613281
13.175010681152344
12.813091278076172
12.67385482788086
13.074398040771484
13.100147247314453
13.110637664794922
12.975692749023438
13.186216354370117
12.910604476928711
12.896060943603516
12.928962707519531
12.995719909667969
13.256549835205078
13.545513153076172
13.293266296386719
13.382196426391602
13.294696807861328
13.269662857055664
13.131856918334961
13.144731521606445
13.015508651733398
12.996196746826172
12.912750244140625
13.262748718261719
12.870073318481445
12.926101684570312
12.885570526123047
13.118267059326172
13.138294219970703
12.942790985107422
13.594627380371094
12.659311294555664
12.806177139282227
12.873649597167969
13.207435607910156
13.182878494262695
13.72075080871582
13.622045516967773
13.420820236206055
13.312578201293945
13.02337646484375
12.937545776367188
13.111114501953125
13.136148452758789
13.098478317260742
13.217449188232422
13.069629669189453
13.120651245117188
13.073444366455078
13.115644454956055
13.132095336914062
12.819528579711914
12.937545776367188
13.338327407836914
13.079404830932617
13.026952743530273
13.009309768676758
13.063192367553711
12.939691543579102
13.104915618896484
12.974739074707031
13.192415237426758
13.053655624389648
13.150691986083984
13.093709945678711
13.156890869140625
13.015031814575195
12.833356857299805
14.251947402954102
13.710498809814453
13.294458389282227
13.30423355102539
13.157844543457031
13.278722763061523
13.41867446899414
13.164520263671875
13.909578323364258
13.253211975097656
13.076305389404297
13.111114501953125
13.209819793701172
13.021230697631836
12.961387634277344
13.975381851196289
13.309478759765625
13.149738311767578
13.000249862670898
13.323783874511719
12.887239456176758
13.407707214355469
13.063192367553711
14.152765274047852
13.13161849975586
13.1072998046875
13.32235336303711
13.400554656982422
13.48114013671875
13.21268081665039
13.211727142333984
13.125181198120117
13.184547424316406
13.170242309570312
13.182878494262695
13.027429580688477
12.969732284545898
13.123512268066406
13.900518417358398
13.144731521606445
13.007164001464844
13.03720474243164
13.113260269165039
13.17906379699707
12.949466705322266
13.114452362060547
13.228416442871094
13.129234313964844
13.190746307373047
13.264179229736328
13.181209564208984
12.91966438293457
13.093709945678711
13.133525848388672
13.155937194824219
13.197660446166992
13.057231903076172
13.120412826538086
12.945175170898438
13.105392456054688
13.199567794799805
13.372659683227539
13.139486312866211
13.005971908569336
13.022422790527344
13.079643249511719
12.997627258300781
13.067960739135742
13.115167617797852
13.35597038269043
13.124704360961914
12.881278991699219
13.128280639648438
13.26298713684082
12.758731842041016
12.714862823486328
13.231515884399414
13.28587532043457
13.209819793701172
13.483047485351562
13.30256462097168
13.428211212158203
13.653278350830078
13.336420059204102
13.673782348632812
13.082504272460938
13.11039924621582
13.147592544555664
13.183832168579102
13.0767822265625
12.985706329345703
13.030052185058594
13.341188430786133
12.87221908569336
13.12565803527832
13.056755065917969
12.970685958862305
13.309001922607422
13.072967529296875
14.17684555053711
13.09823989868164
12.963056564331055
13.041257858276367
13.17143440246582
13.156414031982422
12.393712997436523
13.009786605834961
14.081001281738281
13.448238372802734
13.259410858154297
13.161659240722656
13.047933578491211
13.217687606811523
13.089418411254883
14.102935791015625
13.194561004638672
13.089418411254883
13.147592544555664
13.219356536865234
13.213157653808594
13.124465942382812
13.091564178466797
14.091968536376953
13.393878936767578
13.473749160766602
13.259172439575195
13.350248336791992
13.189554214477539
12.991666793823242
13.359785079956055
13.216495513916016
13.147354125976562
13.056278228759766
12.948274612426758
13.12565803527832
13.09347152709961
13.165473937988281
13.610124588012695
13.220787048339844
13.214588165283203
13.090848922729492
13.154745101928711
13.087034225463867
13.024568557739258
13.112306594848633
13.249874114990234
13.115406036376953
13.026237487792969
13.030052185058594
13.088464736938477
12.854337692260742
13.11492919921875
13.171911239624023
13.21554183959961
13.083219528198242
13.258695602416992
13.07368278503418
13.377189636230469
13.195276260375977
13.281106948852539
13.23080062866211
13.358831405639648
13.141870498657227
13.992071151733398
13.247966766357422
13.047218322753906
13.260126113891602
13.441324234008789
13.435602188110352
13.608694076538086
13.243675231933594
12.976646423339844
13.311624526977539
13.089418411254883
12.895345687866211
13.224363327026367
13.050079345703125
13.265132904052734
13.161182403564453
13.196229934692383
13.041257858276367
12.972831726074219
13.069868087768555
13.159513473510742
12.994766235351562
12.814521789550781
13.078927993774414
13.081073760986328
13.144493103027344
13.292551040649414
13.711929321289062
13.094186782836914
13.175010681152344
13.219594955444336
12.987375259399414
12.996196746826172
12.973546981811523
13.240337371826172
13.750553131103516
13.034343719482422
13.103485107421875
12.995004653930664
13.06915283203125
13.074874877929688
13.100147247314453
13.767719268798828
13.23843002319336
12.964487075805664
13.09967041015625
13.178348541259766
12.959957122802734
12.965917587280273
12.906789779663086
14.005184173583984
13.131856918334961
13.462066650390625
13.425827026367188
13.257026672363281
13.077735900878906
13.030529022216797
13.79847526550293
13.37289810180664
13.12565803527832
13.159036636352539
13.215780258178711
13.181447982788086
12.8173828125
12.9547119140625
13.375282287597656
13.206005096435547
13.204097747802734
13.20958137512207
13.229131698608398
13.268709182739258
13.370990753173828
13.312101364135742
13.309478759765625
13.08441162109375
12.984991073608398
13.378143310546875
13.067245483398438
13.205528259277344
13.23390007019043
13.261795043945312
13.200759887695312
13.237237930297852
13.165473937988281
13.156890869140625
13.212442398071289
12.964010238647461
13.023614883422852
13.137578964233398
13.093233108520508
12.706995010375977
13.08584213256836
13.134002685546875
13.064384460449219
12.961626052856445
12.952327728271484
13.341665267944336
13.004302978515625
13.149499893188477
13.122320175170898
12.822866439819336
13.084650039672852
13.139486312866211
13.844728469848633
12.648344039916992
13.403892517089844
13.144731521606445
13.058185577392578
13.652563095092773
13.504981994628906
13.276100158691406
13.328313827514648
13.408422470092773
13.260841369628906
13.458251953125
13.259172439575195
13.263702392578125
13.189077377319336
13.175725936889648
13.094186782836914
13.279438018798828
13.016939163208008
13.183832168579102
13.00954818725586
13.075828552246094
13.038873672485352
13.331413269042969
13.06605339050293
13.020992279052734
13.060569763183594
13.195991516113281
13.008832931518555
13.041019439697266
13.939619064331055
13.492584228515625
13.018608093261719
12.985706329345703
13.063430786132812
12.391090393066406
12.913942337036133
13.049602508544922
13.808250427246094
13.080120086669922
13.212919235229492
13.11182975769043
13.21554183959961
13.114452362060547
13.149023056030273
13.104677200317383
14.361381530761719
13.053655624389648
13.292312622070312
13.036727905273438
12.835025787353516
13.323545455932617
13.204813003540039
14.224767684936523
13.633966445922852
13.452529907226562
13.417482376098633
13.461828231811523
13.670921325683594
12.959480285644531
12.92729377746582
13.295173645019531
13.166189193725586
13.10110092163086
13.080596923828125
12.980222702026367
13.047456741333008
13.11349868774414
13.343095779418945
13.357162475585938
13.063430786132812
13.137102127075195
13.206243515014648
12.99428939819336
12.97140121459961
13.549566268920898
13.090372085571289
13.198137283325195
13.069629669189453
12.89677619934082
13.100862503051758
13.108015060424805
13.072967529296875
13.017654418945312
13.326406478881836
13.007402420043945
13.063669204711914
12.966394424438477
13.189077377319336
13.069629669189453
12.980937957763672
13.402700424194336
13.067960739135742
13.220548629760742
13.033866882324219
12.894868850708008
13.498783111572266
12.91513442993164
13.484954833984375
13.08131217956543
13.094186782836914
12.989997863769531
13.177156448364258
13.112783432006836
13.027429580688477
13.080835342407227
13.013601303100586
13.526201248168945
13.010501861572266
13.138294219970703
12.990951538085938
12.601375579833984
13.17286491394043
12.964725494384766
13.15760612487793
13.810157775878906
13.269424438476562
13.457536697387695
13.356447219848633
12.989044189453125
13.251066207885742
12.995243072509766
13.4124755859375
12.96854019165039
13.153314590454102
13.144493103027344
13.022899627685547
13.147115707397461
13.242006301879883
14.035463333129883
13.478994369506836
13.126850128173828
12.93635368347168
12.876510620117188
13.37289810180664
13.056516647338867
13.332128524780273
13.924360275268555
13.190031051635742
13.0767822265625
13.263702392578125
13.290643692016602
13.18979263305664
13.193845748901367
13.89002799987793
13.170242309570312
13.179540634155273
13.012886047363281
13.100624084472656
12.772798538208008
12.909412384033203
13.806581497192383
14.204978942871094
13.176679611206055
13.120889663696289
13.20648193359375
12.964487075805664
13.196468353271484
12.9547119140625
13.155221939086914
13.324499130249023
12.700319290161133
13.148307800292969
13.037681579589844
13.157367706298828
13.079643249511719
13.089895248413086
13.54527473449707
13.156890869140625
13.149261474609375
13.084173202514648
13.211488723754883
13.103246688842773
13.147830963134766
13.204574584960938
13.47804069519043
13.263225555419922
13.42630386352539
13.135910034179688
13.064384460449219
13.030290603637695
13.135910034179688
13.05389404296875
13.198137283325195
13.202667236328125
13.004779815673828
13.010025024414062
12.200117111206055
12.929916381835938
12.929201126098633
13.616085052490234
13.282537460327148
13.042926788330078
13.274669647216797
13.074874877929688
13.11635971069336
13.243675231933594
13.701677322387695
13.708114624023438
13.408660888671875
13.126850128173828
13.084650039672852
13.026237487792969
12.955665588378906
13.24605941772461
13.106107711791992
13.440847396850586
13.171911239624023
12.71510124206543
12.999296188354492
13.259649276733398
13.295173645019531
13.299703598022461
13.246774673461914
13.319015502929688
13.154268264770508
13.28730583190918
13.276338577270508
13.273477554321289
13.177156448364258
13.236045837402344
13.220548629760742
13.108491897583008
13.072490692138672
13.090372085571289
13.151407241821289
13.22627067565918
13.880252838134766
13.810396194458008
13.317346572875977
13.161659240722656
13.317346572875977
13.298511505126953
13.522148132324219
12.972354888916016
13.717412948608398
13.68260383605957
13.176679611206055
13.145685195922852
12.75181770324707
13.174295425415039
13.100624084472656
13.288021087646484
13.762474060058594
13.210535049438477
13.075590133666992
13.285398483276367
13.294458389282227
12.967824935913086
13.036251068115234
13.038873672485352
13.502836227416992
12.995243072509766
13.093948364257812
13.127326965332031
13.08441162109375
13.094425201416016
13.064146041870117
13.207197189331055
13.270854949951172
13.146162033081055
13.122320175170898
12.996435165405273
12.531280517578125
13.341665267944336
13.319969177246094
13.610363006591797
13.344049453735352
13.201713562011719
13.337850570678711
13.140201568603516
13.203859329223633
13.157844543457031
13.210058212280273
13.381719589233398
13.073921203613281
14.07003402709961
13.273000717163086
13.227701187133789
13.471364974975586
13.510942459106445
13.784408569335938
13.394355773925781
13.213396072387695
13.170480728149414
13.221263885498047
13.220787048339844
13.282537460327148
13.006448745727539
13.393878936767578
12.423038482666016
13.648271560668945
13.270378112792969
13.013362884521484
13.296365737915039
12.80832290649414
13.669490814208984
13.259649276733398
13.322114944458008
13.187885284423828
13.06295394897461
13.053417205810547
13.433218002319336
13.048410415649414
13.262271881103516
13.241767883300781
12.99738883972168
13.191699981689453
13.347864151000977
13.29660415649414
13.369083404541016
13.249874114990234
13.184547424316406
13.174295425415039
12.974977493286133
13.149261474609375
13.142585754394531
13.112306594848633
13.150930404663086
13.210535049438477
13.093948364257812
12.969017028808594
13.06009292602539
13.143062591552734
13.061046600341797
13.139486312866211
13.453960418701172
13.819456100463867
13.075590133666992
13.195037841796875
13.086557388305664
12.965202331542969
13.501882553100586
13.123512268066406
14.621496200561523
13.382196426391602
13.167142868041992
12.969732284545898
12.808799743652344
12.842655181884766
13.014793395996094
13.737916946411133
13.477802276611328
13.119220733642578
13.015270233154297
13.193130493164062
13.219833374023438
13.354301452636719
13.27967643737793
14.1143798828125
13.194561004638672
13.078927993774414
13.144493103027344
13.02790641784668
13.078689575195312
12.939929962158203
13.243913650512695
13.231515884399414
13.154983520507812
13.135910034179688
13.245344161987305
13.486146926879883
13.091087341308594
13.126373291015625
13.17453384399414
13.105630874633789
13.287067413330078
13.125181198120117
13.26131820678711
13.162612915039062
13.00501823425293
12.934446334838867
13.152837753295898
13.06009292602539
13.168096542358398
13.25082778930664
13.265371322631836
13.521909713745117
14.326810836791992
13.484954833984375
13.5650634765625
13.164997100830078
13.13328742980957
13.059139251708984
13.135910034179688
13.05532455444336
12.962579727172852
13.235092163085938
13.045072555541992
13.013839721679688
13.0462646484375
12.507200241088867
13.28134536743164
13.019323348999023
13.271331787109375
13.387680053710938
13.18216323852539
13.202190399169922
13.204336166381836
13.257026672363281
13.282060623168945
13.11635971069336
13.261079788208008
13.162374496459961
13.034820556640625
13.033390045166016
13.151407241821289
13.179779052734375
12.743711471557617
12.759208679199219
13.470649719238281
13.015508651733398
13.189554214477539
13.398885726928711
12.970447540283203
13.041019439697266
12.907028198242188
13.19265365600586
13.69333267211914
13.297796249389648
13.321876525878906
13.633012771606445
12.975454330444336
13.148069381713867
13.185262680053711
13.949155807495117
13.124465942382812
13.411760330200195
13.020992279052734
13.061761856079102
13.100862503051758
12.845516204833984
13.437032699584961
13.597726821899414
12.959957122802734
13.045787811279297
13.200759887695312
13.41557502746582
13.290643692016602
13.178825378417969
13.503313064575195
13.24605941772461
13.188362121582031
13.167858123779297
13.079166412353516
13.109683990478516
13.085126876831055
13.060569763183594
14.151573181152344
13.174295425415039
13.018369674682617
12.936830520629883
13.190984725952148
13.232707977294922
13.575553894042969
12.928009033203125
13.715505599975586
13.215065002441406
13.282060623168945
13.256072998046875
13.129711151123047
12.94565200805664
12.93182373046875
13.254880905151367
13.216495513916016
13.046979904174805
13.073444366455078
12.987136840820312
12.95161247253418
13.31329345703125
13.155460357666016
13.65971565246582
13.26131820678711
13.17906379699707
13.122081756591797
12.969493865966797
12.953519821166992
13.060808181762695
13.285636901855469
13.115644454956055
13.253211975097656
13.344049453735352
13.280153274536133
13.318300247192383
13.127565383911133
12.84170150756836
13.184547424316406
13.07535171508789
13.232231140136719
13.256311416625977
13.225078582763672
13.140678405761719
13.175725936889648
13.118505477905273
13.30423355102539
13.131380081176758
13.152599334716797
13.063669204711914
13.187408447265625
13.228178024291992
13.245582580566406
13.123512268066406
13.020992279052734
13.010978698730469
13.208150863647461
13.067007064819336
13.137102127075195
12.931346893310547
13.140678405761719
13.155937194824219
13.11492919921875
13.121604919433594
12.958765029907227
13.110160827636719
13.096094131469727
13.019084930419922
12.826681137084961
13.046741485595703
12.916088104248047
13.166427612304688
13.157367706298828
13.197660446166992
13.389110565185547
13.460636138916016
14.484643936157227
13.457775115966797
13.710498809814453
13.132333755493164
13.151168823242188
13.39411735534668
13.393640518188477
14.079093933105469
13.27204704284668
13.082265853881836
13.219356536865234
13.150453567504883
13.13471794128418
13.025760650634766
12.995719909667969
13.773918151855469
13.015031814575195
12.944459915161133
12.911319732666016
13.25082778930664
12.941360473632812
13.252735137939453
13.940811157226562
13.669252395629883
13.158321380615234
13.132333755493164
13.298749923706055
13.218402862548828
13.159036636352539
13.10276985168457
13.228416442871094
13.209342956542969
13.149738311767578
13.086557388305664
13.084650039672852
13.102054595947266
13.009786605834961
13.031005859375
13.378381729125977
13.10873031616211
13.115406036376953
13.07058334350586
12.996196746826172
13.178110122680664
13.134479522705078
13.470172882080078
13.682126998901367
13.204336166381836
12.972116470336914
12.916803359985352
13.509273529052734
13.231992721557617
13.22174072265625
13.278961181640625
13.042688369750977
13.252496719360352
13.106584548950195
13.360738754272461
13.014793395996094
13.151407241821289
13.207674026489258
13.498544692993164
13.211727142333984
13.194561004638672
13.104677200317383
13.23699951171875
12.946367263793945
13.005733489990234
13.42010498046875
13.375282287597656
13.11635971069336
13.08131217956543
13.231992721557617
13.154745101928711
13.146638870239258
12.926816940307617
13.474464416503906
13.106584548950195
13.125181198120117
13.043880462646484
13.20958137512207
13.195276260375977
12.491226196289062
13.071775436401367
13.426065444946289
13.370513916015625
13.358831405639648
13.565301895141602
13.59248161315918
13.845443725585938
13.242721557617188
13.577938079833984
13.213157653808594
13.134956359863281
13.332843780517578
12.949705123901367
13.18049430847168
13.106346130371094
13.982295989990234
13.226509094238281
13.094425201416016
13.190507888793945
13.04483413696289
13.095378875732422
13.214826583862305
12.994766235351562
14.192342758178711
13.228416442871094
13.08131217956543
13.149023056030273
13.197183609008789
13.070106506347656
12.9241943359375
13.551950454711914
13.593673706054688
13.080835342407227
13.115644454956055
12.865781784057617
12.974739074707031
13.388872146606445
12.989282608032227
14.115333557128906
13.412237167358398
13.663530349731445
13.170242309570312
13.340950012207031
13.402462005615234
13.100862503051758
13.139963150024414
13.29660415649414
13.223886489868164
13.887166976928711
13.214111328125
13.120889663696289
13.702154159545898
13.188600540161133
13.677120208740234
13.476371765136719
12.989044189453125
12.978553771972656
13.315439224243164
13.147115707397461
13.10586929321289
12.992143630981445
13.248205184936523
13.195037841796875
13.328313827514648
13.061046600341797
12.99738883972168
13.146638870239258
13.202190399169922
13.499259948730469
13.105154037475586
12.95924186706543
13.204574584960938
12.930154800415039
13.071537017822266
13.256549835205078
13.13471794128418
12.912988662719727
12.86172866821289
13.169050216674805
13.254165649414062
13.170957565307617
12.940406799316406
13.138771057128906
13.218164443969727
13.352394104003906
13.159751892089844
13.21864128112793
13.274908065795898
12.866020202636719
12.533426284790039
12.137651443481445
10.420560836791992
9.86337661743164
9.3841552734375
8.936405181884766
9.470701217651367
9.09876823425293
8.848905563354492
9.236812591552734
8.800268173217773
9.163856506347656
8.846282958984375
9.033203125
9.518623352050781
9.209156036376953
9.505033493041992
9.1705322265625
8.959054946899414
8.687973022460938
9.112119674682617
8.684158325195312
8.829116821289062
8.599042892456055
8.691787719726562
9.071588516235352
8.77523422241211
8.924007415771484
8.680582046508789
8.79979133605957
8.815765380859375
8.880853652954102
8.883476257324219
8.756875991821289
8.722305297851562
8.777618408203125
9.628772735595703
8.878707885742188
8.908510208129883
8.782148361206055
9.044408798217773
8.719921112060547
8.878946304321289
8.701801300048828
8.688211441040039
8.796215057373047
8.886337280273438
9.699583053588867
8.83936882019043
8.745193481445312
8.857488632202148
8.852720260620117
8.704423904418945
9.096860885620117
8.658885955810547
9.117841720581055
8.775711059570312
8.947610855102539
9.66024398803711
9.346723556518555
8.800029754638672
8.707523345947266
8.796215057373047
8.978128433227539
8.971214294433594
8.720874786376953
8.637189865112305
8.885383605957031
8.67915153503418
9.803056716918945
9.549379348754883
9.444236755371094
9.200811386108398
9.724617004394531
9.561777114868164
9.937524795532227
10.331392288208008
12.00723648071289
11.87753677368164
11.891365051269531
12.251615524291992
11.787652969360352
11.915206909179688
12.39919662475586
13.147830963134766
13.265371322631836
12.908935546875
13.350486755371094
13.057231903076172
13.021707534790039
13.004064559936523
13.085603713989258
12.939929962158203
13.093948364257812
13.062238693237305
13.21554183959961
13.040542602539062
12.927770614624023
13.176679611206055
13.132572174072266
13.138294219970703
12.892007827758789
13.115644454956055
13.141870498657227
12.957572937011719
13.018131256103516
12.969255447387695
13.028144836425781
13.235807418823242
13.11802864074707
13.133049011230469
13.215065002441406
12.861967086791992
13.07535171508789
13.280630111694336
13.167619705200195
13.123512268066406
12.920379638671875
13.339996337890625
13.085365295410156
13.148069381713867
13.126134872436523
12.98379898071289
13.17143440246582
13.339757919311523
13.416767120361328
13.194799423217773
13.356924057006836
13.139724731445312
13.106584548950195
13.329505920410156
13.274431228637695
13.270139694213867
13.324499130249023
13.086557388305664
13.141393661499023
13.08441162109375
12.114524841308594
13.542652130126953
13.041496276855469
13.000011444091797
13.198137283325195
13.316154479980469
13.079166412353516
13.164043426513672
13.306140899658203
13.208627700805664
13.109683990478516
13.799667358398438
13.339519500732422
13.188362121582031
13.213634490966797
13.210535049438477
13.092041015625
13.481616973876953
13.056516647338867
14.146089553833008
13.053178787231445
12.963056564331055
13.051033020019531
12.9852294921875
13.809680938720703
13.060808181762695
13.840436935424805
13.397693634033203
12.993097305297852
13.109207153320312
13.147830963134766
13.033866882324219
13.099908828735352
13.135194778442383
14.064550399780273
13.297319412231445
13.021707534790039
13.071060180664062
13.150453567504883
12.897968292236328
13.597726821899414
13.514518737792969
13.551712036132812
13.478755950927734
13.677120208740234
13.174772262573242
13.348102569580078
13.095617294311523
13.162851333618164
13.431787490844727
13.229608535766602
13.341426849365234
13.283729553222656
13.198375701904297
13.198614120483398
12.971162796020508
12.981891632080078
13.291597366333008
13.11492919921875
13.090133666992188
12.700319290161133
13.195037841796875
13.032674789428711
13.176202774047852
13.374090194702148
13.400793075561523
13.380765914916992
13.244867324829102
13.253927230834961
13.288497924804688
13.045549392700195
12.997865676879883
13.190984725952148
13.288497924804688
12.806177139282227
13.105392456054688
12.980222702026367
13.005256652832031
13.241291046142578
13.093233108520508
13.275146484375
12.996673583984375
13.093948364257812
13.460159301757812
13.024330139160156
13.020753860473633
13.103246688842773
13.28277587890625
13.101577758789062
13.095855712890625
13.091564178466797
13.036727905273438
13.405561447143555
13.56959342956543
13.197898864746094
13.730287551879883
13.06295394897461
12.92109489440918
13.125896453857422
13.410568237304688
12.874364852905273
12.97760009765625
13.108491897583008
13.312816619873047
13.249635696411133
13.25535774230957
13.12112808227539
13.246774673461914
13.307571411132812
13.33761215209961
13.919830322265625
13.230085372924805
12.957096099853516
13.197898864746094
12.975692749023438
12.942314147949219
13.108015060424805
13.447046279907227
13.45205307006836
13.049125671386719
13.306140899658203
13.118267059326172
13.279438018798828
13.157367706298828
13.03410530090332
13.93580436706543
13.232946395874023
13.203620910644531
13.114213943481445
13.06462287902832
12.883663177490234
13.202428817749023
13.638734817504883
13.670682907104492
12.963056564331055
12.79902458190918
12.824535369873047
12.83407211303711
13.21101188659668
13.102054595947266
13.609647750854492
13.492584228515625
13.530254364013672
13.24772834777832
13.126373291015625
13.025760650634766
13.337850570678711
13.071060180664062
13.33165168762207
13.072729110717773
12.897729873657227
13.228893280029297
13.080120086669922
13.227224349975586
12.842655181884766
12.972593307495117
13.318300247192383
13.027429580688477
13.059616088867188
13.413190841674805
13.13471794128418
13.02957534790039
12.928009033203125
13.045549392700195
13.327360153198242
13.243436813354492
13.192176818847656
12.960672378540039
13.256072998046875
12.986898422241211
13.18812370300293
13.310432434082031
13.496875762939453
13.209104537963867
13.233661651611328
14.664411544799805
13.270854949951172
13.237237930297852
13.295888900756836
13.401508331298828
13.314008712768555
13.208150863647461
13.124942779541016
13.22793960571289
12.942314147949219
13.103485107421875
13.16690444946289
13.31782341003418
13.46445083618164
13.147592544555664
13.47970962524414
13.43679428100586
13.067483901977539
13.375282287597656
13.144254684448242
13.115882873535156
13.096809387207031
12.914657592773438
13.185739517211914
13.100385665893555
12.75777816772461
13.268232345581055
13.116836547851562
13.038873672485352
14.682531356811523
13.09967041015625
13.154745101928711
13.136148452758789
13.88406753540039
13.353347778320312
13.021707534790039
12.764215469360352
13.021230697631836
12.993097305297852
13.069868087768555
13.205528259277344
14.088869094848633
13.193845748901367
13.028383255004883
13.270378112792969
13.194084167480469
13.244390487670898
13.09061050415039
13.642072677612305
13.55600357055664
14.200925827026367
13.092517852783203
13.025760650634766
13.180732727050781
12.986183166503906
13.194799423217773
14.009714126586914
13.23556900024414
12.99905776977539
13.28897476196289
13.227224349975586
13.56196403503418
13.441801071166992
13.381719589233398
13.338565826416016
13.109683990478516
13.041257858276367
12.996196746826172
13.050079345703125
13.000011444091797
12.997865676879883
13.18359375
13.104915618896484
12.983322143554688
13.229131698608398
13.039588928222656
13.31472396850586
13.236045837402344
13.11635971069336
13.309717178344727
13.105154037475586
13.044595718383789
13.097524642944336
13.092756271362305
13.037681579589844
12.932062149047852
13.094186782836914
13.091802597045898
13.13018798828125
13.227462768554688
13.085365295410156
13.096332550048828
12.917518615722656
12.912273406982422
13.393878936767578
13.06772232055664
13.134002685546875
13.22174072265625
12.870073318481445
13.046503067016602
12.980222702026367
12.91346549987793
13.088703155517578
12.964248657226562
13.069629669189453
13.155937194824219
13.143301010131836
13.098001480102539
13.024330139160156
13.128995895385742
13.065576553344727
13.14854621887207
12.67242431640625
13.147354125976562
12.991189956665039
13.158559799194336
13.086318969726562
13.640880584716797
13.211488723754883
13.100862503051758
13.213396072387695
13.61846923828125
13.093948364257812
12.923717498779297
12.935638427734375
13.378620147705078
13.161897659301758
13.235330581665039
13.003110885620117
12.991905212402344
13.088703155517578
13.069868087768555
13.669967651367188
13.449430465698242
13.128280639648438
13.107061386108398
13.337850570678711
13.201236724853516
13.01121711730957
12.856245040893555
13.834238052368164
13.08584213256836
12.940406799316406
13.097524642944336
13.118267059326172
13.234853744506836
12.933731079101562
13.508796691894531
13.633012771606445
12.987613677978516
12.412786483764648
12.852907180786133
13.545751571655273
13.377666473388672
13.156890869140625
13.680696487426758
13.341188430786133
13.157844543457031
13.010740280151367
13.11039924621582
13.126134872436523
12.998580932617188
13.103485107421875
13.38958740234375
13.128042221069336
13.025045394897461
12.894392013549805
13.149738311767578
13.191461563110352
13.279438018798828
13.326883316040039
13.317346572875977
13.084650039672852
12.981176376342773
13.105392456054688
12.89987564086914
13.164520263671875
12.88604736328125
12.999534606933594
12.96377182006836
13.11182975769043
13.189315795898438
12.87984848022461
13.196706771850586
12.959480285644531
13.340950012207031
13.337135314941406
13.406038284301758
12.84170150756836
12.884140014648438
13.114213943481445
13.19122314453125
13.263463973999023
13.148069381713867
13.473033905029297
14.085531234741211
12.43281364440918
12.094736099243164
11.926412582397461
11.906623840332031
12.00413703918457
11.865854263305664
12.080669403076172
11.867284774780273
11.63792610168457
11.513471603393555
11.688232421875
10.992288589477539
8.46552848815918
8.832216262817383
9.401798248291016
9.969949722290039
10.742425918579102
12.085199356079102
12.814998626708984
12.381315231323242
12.564897537231445
12.346744537353516
12.636423110961914
12.72439956665039
12.474536895751953
12.246131896972656
12.464761734008789
12.317180633544922
12.514829635620117
12.449979782104492
12.393474578857422
12.399673461914062
12.291669845581055
12.49837875366211
12.30001449584961
12.72439956665039
12.375831604003906
13.047456741333008
13.405323028564453
14.276266098022461
13.153076171875
13.27824592590332
12.885093688964844
12.970685958862305
13.063907623291016
13.161659240722656
13.956785202026367
13.816356658935547
13.795852661132812
13.316154479980469
13.274908065795898
13.230323791503906
13.195991516113281
13.345956802368164
14.56141471862793
13.528823852539062
13.265609741210938
13.197183609008789
13.214111328125
12.17508316040039
13.742446899414062
13.45372200012207
13.717412948608398
13.289451599121094
13.177871704101562
13.091325759887695
13.190746307373047
12.997865676879883
13.150453567504883
13.558149337768555
13.15617561340332
12.826681137084961
12.936115264892578
13.194084167480469
13.113021850585938
13.179302215576172
13.208866119384766
13.522863388061523
13.26608657836914
13.169050216674805
13.30113410949707
13.181447982788086
13.064861297607422
13.187646865844727
13.144731521606445
13.233423233032227
13.193368911743164
13.20195198059082
13.04173469543457
12.664079666137695
9.91964340209961
9.368658065795898
9.192705154418945
10.272026062011719
10.187625885009766
12.471199035644531
12.913942337036133
13.154983520507812
13.118982315063477
12.491703033447266
12.840747833251953
13.180732727050781
12.746334075927734
13.112783432006836
13.030529022216797
12.947559356689453
12.97450065612793
13.252019882202148
13.068914413452148
13.602018356323242
13.476133346557617
13.025283813476562
13.606786727905273
13.22484016418457
13.063669204711914
13.315677642822266
13.26608657836914
13.397455215454102
13.252973556518555
13.044595718383789
12.977123260498047
13.02647590637207
13.100624084472656
13.2293701171875
13.52834701538086
13.267278671264648
13.106822967529297
13.192892074584961
13.015985488891602
13.037919998168945
13.083696365356445
13.059854507446289
13.318061828613281
13.201713562011719
13.191461563110352
13.069391250610352
12.998104095458984
13.102293014526367
13.062238693237305
13.853311538696289
13.322591781616211
13.258218765258789
13.147354125976562
13.563871383666992
13.02790641784668
13.192415237426758
13.57269287109375
13.576269149780273
12.678861618041992
13.057947158813477
13.180971145629883
13.103723526000977
13.010740280151367
13.154268264770508
13.912439346313477
13.195276260375977
13.005971908569336
12.960433959960938
12.993812561035156
12.894153594970703
13.022899627685547
13.192415237426758
13.81373405456543
13.139009475708008
13.150930404663086
13.320446014404297
13.226747512817383
13.241767883300781
13.014554977416992
13.484954833984375
13.221025466918945
13.158082962036133
13.263463973999023
13.063907623291016
13.083934783935547
13.236045837402344
13.182878494262695
13.431072235107422
13.212442398071289
12.999773025512695
12.971639633178711
13.153791427612305
13.279199600219727
13.113737106323242
13.351917266845703
13.423442840576172
13.123750686645508
13.239383697509766
13.533830642700195
13.123750686645508
13.407707214355469
13.237953186035156
13.373136520385742
13.226032257080078
13.157367706298828
13.187170028686523
13.019323348999023
13.175725936889648
13.045549392700195
13.240575790405273
13.51785659790039
13.163566589355469
13.38958740234375
13.087987899780273
13.357400894165039
13.233184814453125
13.14997673034668
13.041496276855469
13.014554977416992
13.196468353271484
12.96687126159668
13.145923614501953
13.117551803588867
13.059854507446289
13.181209564208984
13.180732727050781
13.18979263305664
13.13924789428711
13.233184814453125
13.045072555541992
12.974262237548828
13.14401626586914
13.200044631958008
13.369321823120117
12.993097305297852
12.905359268188477
12.976646423339844
13.161897659301758
13.554096221923828
13.262033462524414
13.376474380493164
13.367652893066406
12.918949127197266
13.211965560913086
13.239383697509766
13.223648071289062
13.287067413330078
13.770818710327148
13.39578628540039
14.247655868530273
13.224363327026367
13.08131217956543
12.946128845214844
13.164281845092773
13.127565383911133
14.94288444519043
13.022422790527344
13.114213943481445
13.358354568481445
13.170719146728516
13.071060180664062
12.964963912963867
13.262033462524414
13.65041732788086
13.082742691040039
13.14854621887207
13.037919998168945
13.20338249206543
13.198614120483398
13.022661209106445
13.503074645996094
13.326883316040039
13.08441162109375
13.06605339050293
13.546466827392578
13.110876083374023
13.012409210205078
13.115644454956055
13.257026672363281
13.3514404296875
13.029098510742188
12.95018196105957
13.253927230834961
12.969970703125
13.269901275634766
13.240814208984375
13.494729995727539
13.35906982421875
13.07821273803711
13.041019439697266
13.235807418823242
12.952327728271484
13.052940368652344
13.365983963012695
13.191699981689453
13.093233108520508
13.163089752197266
13.190984725952148
12.939691543579102
13.107776641845703
13.033151626586914
13.491630554199219
13.094902038574219
13.246774673461914
13.010978698730469
13.025283813476562
13.11945915222168
12.999773025512695
13.370513916015625
13.151407241821289
12.721538543701172
12.794017791748047
13.164043426513672
13.324260711669922
13.234376907348633
13.605117797851562
13.44156265258789
13.226747512817383
13.178348541259766
13.279438018798828
13.215780258178711
13.089895248413086
12.991666793823242
13.149499893188477
13.310909271240234
13.14854621887207
13.27204704284668
13.137102127075195
13.462543487548828
13.208150863647461
13.366460800170898
13.229131698608398
13.447761535644531
13.228654861450195
13.547420501708984
13.113021850585938
13.11635971069336
12.988567352294922
12.925863265991211
13.502120971679688
12.977123260498047
13.14544677734375
13.10110092163086
13.005256652832031
12.961626052856445
13.047218322753906
14.177083969116211
13.242721557617188
12.955665588378906
13.351917266845703
12.666463851928711
13.219356536865234
13.436555862426758
13.423442840576172
13.911962509155273
13.268470764160156
12.984037399291992
13.401508331298828
13.105392456054688
13.382911682128906
13.277530670166016
13.909578323364258
13.219356536865234
12.993335723876953
13.174295425415039
13.080596923828125
13.208627700805664
13.253211975097656
13.18359375
14.244556427001953
13.248205184936523
13.274431228637695
13.18812370300293
13.267993927001953
13.178586959838867
13.407707214355469
13.126850128173828
13.631105422973633
13.223409652709961
13.245820999145508
13.317346572875977
13.207674026489258
13.03720474243164
13.157367706298828
13.17143440246582
12.937784194946289
13.112783432006836
12.985944747924805
12.951374053955078
13.233423233032227
13.157367706298828
13.264894485473633
13.48423957824707
13.059854507446289
12.99595832824707
13.345479965209961
13.404369354248047
13.482809066772461
13.015985488891602
12.963294982910156
13.614416122436523
13.386726379394531
12.883901596069336
13.104677200317383
13.079166412353516
13.284683227539062
13.216972351074219
13.339757919311523
12.88914680480957
13.20028305053711
12.216329574584961
13.34238052368164
13.314485549926758
12.758016586303711
13.077497482299805
13.424873352050781
13.42630386352539
13.188600540161133
13.423919677734375
13.200044631958008
13.614416122436523
13.24915885925293
13.375520706176758
12.747764587402344
13.226747512817383
14.715194702148438
13.711929321289062
13.417243957519531
13.264656066894531
13.427019119262695
13.854742050170898
13.204097747802734
13.12255859375
13.289690017700195
13.362884521484375
12.999534606933594
13.367652893066406
13.352394104003906
13.213634490966797
13.11039924621582
13.109683990478516
13.214588165283203
13.19265365600586
13.131380081176758
14.115095138549805
13.387680053710938
13.396263122558594
13.290643692016602
13.305425643920898
13.285398483276367
13.150453567504883
13.167858123779297
14.254570007324219
12.993812561035156
13.168096542358398
13.214111328125
13.152360916137695
13.18049430847168
12.987613677978516
14.08076286315918
13.431787490844727
13.13161849975586
12.927532196044922
12.973546981811523
13.118743896484375
13.022422790527344
13.206005096435547
13.921737670898438
13.423442840576172
12.958526611328125
13.145923614501953
13.227462768554688
13.252735137939453
13.118267059326172
12.959480285644531
13.462543487548828
12.958526611328125
13.239145278930664
13.137340545654297
13.425350189208984
13.165950775146484
13.258695602416992
13.154029846191406
13.284683227539062
13.139486312866211
13.306856155395508
13.042926788330078
13.066530227661133
12.743711471557617
13.269424438476562
13.260364532470703
13.067483901977539
13.16070556640625
13.024568557739258
12.469053268432617
13.515472412109375
13.346433639526367
13.692378997802734
13.453483581542969
13.181209564208984
13.543128967285156
13.224363327026367
13.161420822143555
13.133049011230469
12.897729873657227
13.267040252685547
13.396978378295898
13.022899627685547
13.144731521606445
13.126373291015625
13.081550598144531
12.970209121704102
13.036251068115234
13.278722763061523
13.38052749633789
13.035058975219727
12.97140121459961
13.099908828735352
12.990236282348633
13.191938400268555
13.022899627685547
13.391733169555664
12.842178344726562
13.252019882202148
13.356447219848633
12.466192245483398
13.184070587158203
13.033151626586914
13.202428817749023
12.985706329345703
12.958765029907227
12.741565704345703
12.997150421142578
13.139486312866211
13.016700744628906
13.169050216674805
13.194084167480469
12.755870819091797
12.41159439086914
13.197898864746094
12.954950332641602
13.143301010131836
13.113737106323242
13.520002365112305
13.501167297363281
13.021707534790039
13.127565383911133
13.144493103027344
13.378620147705078
13.591527938842773
13.519525527954102
14.090538024902344
13.138055801391602
13.022899627685547
12.945890426635742
13.149738311767578
13.077497482299805
12.996196746826172
13.816356658935547
13.988971710205078
13.280391693115234
13.664484024047852
13.043880462646484
13.223409652709961
12.839794158935547
13.247251510620117
14.10984992980957
13.142108917236328
13.265609741210938
13.080835342407227
13.410806655883789
13.148784637451172
13.23699951171875
13.372182846069336
13.444185256958008
13.242721557617188
13.67497444152832
13.160943984985352
13.24605941772461
13.188600540161133
13.092517852783203
12.995243072509766
13.126373291015625
13.048887252807617
13.221263885498047
13.245105743408203
13.171195983886719
13.145685195922852
13.052701950073242
13.27204704284668
12.970209121704102
11.890888214111328
9.013652801513672
11.768102645874023
12.908697128295898
12.798786163330078
13.145923614501953
13.465404510498047
13.217449188232422
13.005971908569336
13.116836547851562
13.058900833129883
12.987375259399414
13.199806213378906
12.982845306396484
13.501882553100586
13.011932373046875
12.992382049560547
13.195514678955078
12.551546096801758
12.990713119506836
13.056755065917969
13.225793838500977
12.664318084716797
12.981176376342773
12.925386428833008
13.178586959838867
13.166189193725586
13.173818588256836
13.152837753295898
13.214111328125
13.19432258605957
13.082504272460938
13.400077819824219
14.505624771118164
13.43989372253418
13.072490692138672
13.358831405639648
13.923406600952148
13.205289840698242
12.969732284545898
13.286828994750977
13.18049430847168
13.240814208984375
13.105392456054688
13.091087341308594
13.035774230957031
13.093233108520508
13.413429260253906
11.704683303833008
9.26518440246582
8.934974670410156
9.723663330078125
10.781288146972656
10.91623306274414
12.681245803833008
13.119220733642578
13.060808181762695
13.120174407958984
13.173580169677734
13.184309005737305
13.876914978027344
13.149023056030273
13.221263885498047
13.60177993774414
12.474298477172852
13.641595840454102
13.269901275634766
13.209819793701172
14.155864715576172
13.277769088745117
13.062238693237305
13.189315795898438
13.065338134765625
13.174295425415039
13.135671615600586
13.83662223815918
13.509035110473633
13.233184814453125
13.224601745605469
13.080120086669922
13.523340225219727
13.153553009033203
13.038158416748047
13.245344161987305
13.080596923828125
13.100862503051758
13.074636459350586
13.170719146728516
13.240337371826172
13.089179992675781
13.061046600341797
13.402700424194336
13.085603713989258
13.1988525390625
13.18979263305664
13.231277465820312
13.092279434204102
13.069629669189453
12.965679168701172
12.763023376464844
13.047218322753906
13.026952743530273
13.190746307373047
13.108491897583008
12.978792190551758
13.198375701904297
13.53597640991211
13.309478759765625
13.35000991821289
13.143539428710938
13.252496719360352
13.233184814453125
13.28730583190918
12.99428939819336
13.321638107299805
13.022661209106445
13.04316520690918
13.559103012084961
13.31329345703125
13.475894927978516
12.97307014465332
13.444662094116211
12.382745742797852
13.701915740966797
13.20505142211914
12.947559356689453
13.173341751098633
12.978792190551758
13.281106948852539
13.437986373901367
13.144731521606445
12.591838836669922
12.49384880065918
13.0615234375
13.097047805786133
12.95614242553711
13.123750686645508
13.397693634033203
13.243913650512695
13.625383377075195
13.084173202514648
12.958526611328125
13.02194595336914
13.008832931518555
13.094186782836914
13.113260269165039
13.470649719238281
13.251066207885742
13.301372528076172
12.948036193847656
12.992620468139648
13.342618942260742
13.614416122436523
13.04316520690918
13.098716735839844
13.24605941772461
13.339996337890625
13.407707214355469
13.213634490966797
14.040946960449219
13.158559799194336
13.238668441772461
13.010740280151367
13.091802597045898
13.539552688598633
13.655662536621094
14.111995697021484
13.856172561645508
13.071775436401367
13.149738311767578
13.234853744506836
13.209819793701172
12.692928314208984
12.948036193847656
13.875961303710938
13.256549835205078
12.920141220092773
13.277769088745117
12.984275817871094
13.184547424316406
13.250350952148438
13.245820999145508
13.227224349975586
13.063430786132812
13.058900833129883
12.98832893371582
13.298511505126953
13.337135314941406
13.503313064575195
13.158082962036133
13.450860977172852
13.166189193725586
13.321638107299805
13.370990753173828
13.242721557617188
13.030290603637695
13.190269470214844
13.12398910522461
13.118267059326172
12.862920761108398
13.055562973022461
13.122320175170898
13.174057006835938
12.803792953491211
13.182878494262695
13.421773910522461
13.231039047241211
13.356208801269531
13.283729553222656
13.268470764160156
12.351512908935547
9.209632873535156
9.077787399291992
9.802579879760742
9.54294204711914
11.380672454833984
13.302087783813477
13.345479965209961
13.206243515014648
13.471126556396484
13.316154479980469
13.596534729003906
13.477802276611328
13.174295425415039
13.113975524902344
12.443304061889648
12.971162796020508
13.274431228637695
13.242721557617188
13.360023498535156
13.208150863647461
13.073205947875977
13.008832931518555
13.193368911743164
13.034820556640625
13.100624084472656
13.345956802368164
13.379573822021484
13.18502426147461
13.287544250488281
13.216972351074219
13.076305389404297
13.077974319458008
13.136863708496094
13.271570205688477
13.104915618896484
13.316631317138672
13.141393661499023
13.064384460449219
12.972354888916016
13.080835342407227
13.460874557495117
13.34238052368164
12.821435928344727
13.234376907348633
13.257741928100586
13.281822204589844
12.993812561035156
12.857437133789062
14.019966125488281
13.134241104125977
12.932062149047852
13.024091720581055
13.139486312866211
13.157367706298828
13.286828994750977
13.664960861206055
13.711690902709961
13.202190399169922
13.143777847290039
13.046026229858398
13.287544250488281
13.110876083374023
13.076066970825195
13.739585876464844
13.437986373901367
13.500452041625977
13.135194778442383
13.1378173828125
13.554096221923828
12.80522346496582
13.100624084472656
13.699531555175781
13.221263885498047
13.148069381713867
13.089179992675781
13.278961181640625
13.179540634155273
13.246536254882812
13.153791427612305
13.380289077758789
13.49949836730957
13.335943222045898
13.115882873535156
13.128280639648438
12.189865112304688
9.748220443725586
9.169816970825195
9.558677673339844
12.00723648071289
12.935876846313477
13.06772232055664
13.094902038574219
13.001203536987305
12.932300567626953
13.260126113891602
13.157129287719727
13.057947158813477
13.398408889770508
12.938976287841797
12.9547119140625
13.097047805786133
12.934684753417969
13.083219528198242
12.480020523071289
12.981414794921875
12.851238250732422
13.237714767456055
13.15617561340332
13.180971145629883
13.238191604614258
13.449907302856445
13.182878494262695
13.366460800170898
13.173341751098633
13.355731964111328
13.237237930297852
13.209819793701172
12.984275817871094
13.11182975769043
13.091564178466797
13.166666030883789
13.236522674560547
13.279438018798828
13.476371765136719
13.55290412902832
14.066457748413086
13.333797454833984
13.25535774230957
12.996673583984375
13.291358947753906
13.061046600341797
13.14091682434082
13.150930404663086
13.357877731323242
13.183355331420898
13.264179229736328
13.007879257202148
13.043642044067383
13.177156448364258
13.058900833129883
14.159440994262695
13.562202453613281
13.222694396972656
13.196229934692383
13.018608093261719
13.149261474609375
13.019800186157227
13.493061065673828
13.748407363891602
12.669086456298828
12.958526611328125
13.010025024414062
13.208866119384766
13.030290603637695
13.219833374023438
14.030218124389648
12.57467269897461
13.430118560791016
12.764692306518555
13.118982315063477
12.818574905395508
13.03410530090332
13.090372085571289
14.177560806274414
13.15760612487793
13.074159622192383
13.112068176269531
13.38505744934082
13.58342170715332
13.48567008972168
13.161420822143555
13.529777526855469
12.969493865966797
12.921571731567383
13.134956359863281
13.119697570800781
12.800455093383789
12.91346549987793
13.278961181640625
13.014078140258789
12.945890426635742
13.254880905151367
13.116121292114258
12.827873229980469
12.788057327270508
13.160943984985352
13.282299041748047
13.105392456054688
13.065099716186523
13.08584213256836
13.037681579589844
13.02027702331543
13.071537017822266
12.592554092407227
13.12112808227539
12.89224624633789
12.973308563232422
12.822389602661133
13.161659240722656
12.830495834350586
12.866973876953125
13.159513473510742
13.042211532592773
12.788534164428711
12.851715087890625
13.159036636352539
13.117074966430664
12.878656387329102
12.873172760009766
14.290332794189453
13.271808624267578
13.453006744384766
13.411760330200195
13.490438461303711
13.530731201171875
13.023614883422852
13.224363327026367
13.18216323852539
13.785600662231445
13.020038604736328
12.98213005065918
12.861251831054688
12.902975082397461
13.2293701171875
13.430356979370117
13.125181198120117
12.94565200805664
12.707710266113281
13.085603713989258
13.284683227539062
13.14997673034668
13.134241104125977
13.198614120483398
14.085054397583008
13.194084167480469
12.840747833251953
12.979745864868164
12.905597686767578
13.069868087768555
13.936042785644531
13.116121292114258
12.911558151245117
12.737274169921875
12.814521789550781
13.541698455810547
13.215303421020508
13.534069061279297
13.2293701171875
13.051271438598633
13.128519058227539
13.306140899658203
13.110637664794922
12.969017028808594
13.079166412353516
13.714790344238281
13.132095336914062
13.087034225463867
13.156890869140625
13.136625289916992
13.183116912841797
13.000726699829102
13.361930847167969
14.002323150634766
13.102531433105469
13.14854621887207
12.94565200805664
12.958049774169922
13.13924789428711
12.820005416870117
13.116121292114258
13.207674026489258
13.129949569702148
13.302803039550781
12.872695922851562
13.107538223266602
13.054847717285156
12.916088104248047
12.90273666381836
13.173103332519531
12.978553771972656
12.91513442993164
12.918710708618164
13.134002685546875
12.953758239746094
12.995481491088867
13.145923614501953
13.20505142211914
13.265609741210938
13.245344161987305
13.127803802490234
12.944221496582031
12.980222702026367
12.948036193847656
13.370275497436523
13.751983642578125
13.293266296386719
12.985706329345703
12.799263000488281
12.943267822265625
12.971639633178711
13.321399688720703
13.160467147827148
13.048648834228516
12.835979461669922
12.95161247253418
13.166666030883789
13.254404067993164
13.091564178466797
11.951923370361328
12.19034194946289
12.373924255371094
11.95526123046875
12.43281364440918
12.307167053222656
11.839151382446289
11.59811019897461
12.190580368041992
11.868953704833984
11.995077133178711
11.862993240356445
11.913061141967773
11.871576309204102
11.954069137573242
11.900901794433594
11.845111846923828
12.264490127563477
11.995077133178711
12.091398239135742
11.880874633789062
11.939287185668945
11.892080307006836
11.820554733276367
11.784791946411133
12.141942977905273
11.815547943115234
11.687755584716797
11.900901794433594
11.754274368286133
11.771678924560547
11.905908584594727
12.059450149536133
12.27116584777832
12.333393096923828
12.87841796875
12.97450065612793
12.868881225585938
13.089179992675781
13.121366500854492
13.114452362060547
14.287948608398438
13.283014297485352
13.047218322753906
13.141393661499023
13.027191162109375
13.020515441894531
13.019561767578125
13.42630386352539
13.201713562011719
13.103961944580078
12.977123260498047
13.103008270263672
12.98666000366211
12.835025787353516
12.77303695678711
13.843297958374023
13.382434844970703
13.57722282409668
13.46898078918457
13.447046279907227
13.161897659301758
13.152837753295898
12.905597686767578
13.326406478881836
13.180017471313477
13.184070587158203
13.023853302001953
12.979269027709961
12.861251831054688
13.113260269165039
13.05532455444336
13.129472732543945
12.892961502075195
12.998819351196289
13.038158416748047
12.974977493286133
12.862682342529297
13.071298599243164
12.771844863891602
13.344049453735352
12.83574104309082
13.001203536987305
12.99905776977539
13.079166412353516
13.042926788330078
13.051271438598633
13.016700744628906
13.202190399169922
13.184309005737305
13.109922409057617
13.123273849487305
12.867927551269531
12.929201126098633
13.036727905273438
13.112783432006836
12.859106063842773
13.140439987182617
13.503789901733398
13.350725173950195
13.489961624145508
13.336896896362305
13.209104537963867
13.161659240722656
13.066291809082031
12.882471084594727
12.908935546875
12.953996658325195
13.214826583862305
12.887716293334961
13.493061065673828
13.080120086669922
12.99905776977539
13.107061386108398
13.019800186157227
12.934684753417969
13.018131256103516
12.484550476074219
13.105154037475586
13.055086135864258
13.006925582885742
13.18216323852539
13.209342956542969
12.962102890014648
13.052701950073242
13.126373291015625
13.148307800292969
12.980461120605469
13.071298599243164
12.848854064941406
12.97450065612793
13.140678405761719
12.799263000488281
13.734579086303711
12.943029403686523
12.799501419067383
13.12875747680664
13.11349868774414
12.965917587280273
13.031959533691406
13.206958770751953
13.219594955444336
13.307332992553711
12.808561325073242
12.963056564331055
13.119220733642578
13.181924819946289
12.98213005065918
14.216184616088867
13.219594955444336
12.969255447387695
13.153791427612305
13.158321380615234
13.008594512939453
13.107061386108398
12.937068939208984
13.604879379272461
13.422966003417969
12.628316879272461
13.281106948852539
13.014793395996094
12.963056564331055
12.88914680480957
13.145923614501953
13.361454010009766
13.299942016601562
13.020515441894531
13.074398040771484
13.02480697631836
13.180732727050781
12.989521026611328
13.027667999267578
13.140678405761719
13.110637664794922
12.893915176391602
13.057231903076172
13.144731521606445
12.816429138183594
12.935638427734375
13.285398483276367
13.044595718383789
12.982368469238281
13.018608093261719
12.75777816772461
13.099431991577148
12.810468673706055
13.116121292114258
13.225793838500977
13.036489486694336
13.463258743286133
12.73036003112793
12.83884048461914
13.06605339050293
12.74418830871582
13.395547866821289
12.91656494140625
13.13638687133789
13.171911239624023
13.042688369750977
13.048410415649414
12.722492218017578
13.07535171508789
13.503551483154297
13.42463493347168
13.181447982788086
13.182401657104492
13.036012649536133
12.868881225585938
13.155460357666016
13.042688369750977
13.459444046020508
13.080835342407227
13.106584548950195
12.942314147949219
12.991666793823242
12.988090515136719
13.1378173828125
13.150215148925781
13.246774673461914
13.143777847290039
12.915849685668945
13.246297836303711
13.088464736938477
13.25535774230957
13.013124465942383
13.064384460449219
13.11349868774414
13.030767440795898
13.169288635253906
13.040304183959961
13.005733489990234
12.935400009155273
13.453960418701172
13.505697250366211
12.966156005859375
13.037919998168945
13.236522674560547
13.497352600097656
13.463735580444336
13.338804244995117
13.764381408691406
13.031244277954102
12.777566909790039
12.923240661621094
12.79139518737793
13.033390045166016
13.151407241821289
13.607978820800781
13.430356979370117
13.103485107421875
13.319730758666992
13.130664825439453
12.87531852722168
12.700796127319336
12.966394424438477
14.113903045654297
12.915372848510742
13.098478317260742
12.970209121704102
13.020515441894531
12.959957122802734
13.155937194824219
13.078451156616211
13.073444366455078
12.95924186706543
13.147830963134766
13.070344924926758
13.458251953125
13.149261474609375
12.861967086791992
13.055086135864258
13.325214385986328
13.171195983886719
13.334989547729492
13.221502304077148
13.318061828613281
12.982845306396484
13.21864128112793
13.010978698730469
12.456655502319336
11.172294616699219
9.768009185791016
11.28840446472168
11.025190353393555
11.350870132446289
12.918949127197266
14.06097412109375
13.510942459106445
13.382673263549805
13.475656509399414
13.277292251586914
13.014078140258789
13.234853744506836
13.045072555541992
13.207197189331055
13.216733932495117
12.966156005859375
13.119935989379883
13.317346572875977
13.08584213256836
12.59613037109375
12.789487838745117
12.965917587280273
12.465476989746094
12.692451477050781
12.993812561035156
12.990474700927734
13.156890869140625
13.298749923706055
13.05842399597168
13.644695281982422
12.922048568725586
12.784242630004883
12.768268585205078
12.859344482421875
12.740612030029297
12.851715087890625
12.863636016845703
12.883186340332031
12.755155563354492
12.803077697753906
12.93039321899414
12.811660766601562
12.7410888671875
12.645721435546875
12.719392776489258
12.946605682373047
12.61448860168457
12.889623641967773
13.107776641845703
12.993097305297852
12.930870056152344
12.969970703125
13.732433319091797
13.195991516113281
13.015508651733398
13.093709945678711
13.074159622192383
12.893438339233398
12.928962707519531
13.317584991455078
13.81826400756836
13.544321060180664
13.42153549194336
13.057708740234375
13.141393661499023
13.413190841674805
12.889862060546875
14.05787467956543
13.024568557739258
13.361930847167969
13.057231903076172
13.237953186035156
13.184785842895508
13.391733169555664
13.921499252319336
13.527393341064453
13.144493103027344
12.973308563232422
13.262748718261719
13.062238693237305
13.151884078979492
13.031959533691406
13.07988166809082
13.100862503051758
13.113021850585938
13.173818588256836
13.101577758789062
13.058900833129883
12.956857681274414
13.15164566040039
13.11492919921875
12.672901153564453
13.285398483276367
13.126850128173828
13.043403625488281
13.109922409057617
13.055086135864258
12.948751449584961
13.441801071166992
12.998104095458984
13.220548629760742
13.034343719482422
13.153314590454102
13.109207153320312
12.918710708618164
13.898372650146484
13.471841812133789
13.610601425170898
13.447761535644531
13.301849365234375
13.015270233154297
13.151407241821289
13.025999069213867
13.271808624267578
13.035058975219727
13.017654418945312
13.110160827636719
13.16976547241211
13.045787811279297
12.950897216796875
13.262033462524414
12.917518615722656
13.222455978393555
13.115406036376953
13.344764709472656
13.110160827636719
12.996912002563477
13.232946395874023
13.463258743286133
13.08298110961914
13.229131698608398
13.118982315063477
13.318538665771484
12.97903060913086
12.601375579833984
13.068437576293945
13.351917266845703
13.296842575073242
13.135671615600586
12.9852294921875
12.955188751220703
12.87984848022461
13.420581817626953
13.463973999023438
13.476133346557617
13.417482376098633
13.266801834106445
13.515710830688477
13.295173645019531
13.254165649414062
14.240264892578125
13.587236404418945
13.139724731445312
13.232707977294922
13.231992721557617
13.097047805786133
12.889623641967773
13.179302215576172
14.054536819458008
13.241291046142578
13.003349304199219
12.830495834350586
13.118982315063477
13.038396835327148
12.956857681274414
13.168573379516602
13.70549201965332
13.173818588256836
12.755870819091797
13.127326965332031
13.154029846191406
13.109922409057617
12.495279312133789
14.075994491577148
13.069868087768555
12.93635368347168
13.176441192626953
13.059139251708984
12.999773025512695
12.975931167602539
13.169288635253906
13.491153717041016
12.801885604858398
12.925386428833008
12.663125991821289
13.106584548950195
13.013362884521484
13.154268264770508
13.15927505493164
13.41867446899414
13.079643249511719
13.170957565307617
13.06772232055664
13.25368881225586
13.234138488769531
13.25225830078125
13.42463493347168
13.546943664550781
13.24462890625
13.282537460327148
13.428449630737305
13.20338249206543
13.210535049438477
13.132572174072266
13.226032257080078
13.163566589355469
13.263702392578125
13.066291809082031
12.88747787475586
13.167858123779297
13.088464736938477
13.024330139160156
13.209342956542969
13.06605339050293
13.118982315063477
13.19742202758789
13.270139694213867
13.023853302001953
12.980461120605469
12.997150421142578
13.405561447143555
13.22793960571289
13.204813003540039
13.171911239624023
13.209342956542969
13.208150863647461
13.10873031616211
13.103008270263672
13.130903244018555
13.02647590637207
12.94255256652832
13.039827346801758
12.931585311889648
13.031482696533203
13.269424438476562
13.18669319152832
13.035774230957031
12.874126434326172
13.074636459350586
12.94708251953125
12.856006622314453
13.021707534790039
13.37432861328125
13.339757919311523
12.988805770874023
13.225317001342773
13.104438781738281
12.878179550170898
13.040542602539062
13.532161712646484
13.898372650146484
13.16213607788086
13.283729553222656
13.376951217651367
13.334274291992188
13.108015060424805
12.987136840820312
15.015125274658203
13.05246353149414
12.964725494384766
13.108015060424805
12.990474700927734
13.077259063720703
13.08751106262207
13.767004013061523
13.680696487426758
13.02647590637207
12.900352478027344
13.05246353149414
13.087272644042969
12.947797775268555
12.809514999389648
13.458490371704102
13.192892074584961
13.300418853759766
13.074874877929688
13.235092163085938
13.194084167480469
13.052225112915039
13.030290603637695
13.283967971801758
13.00358772277832
13.185977935791016
13.166427612304688
13.323307037353516
13.023138046264648
12.972831726074219
13.08894157409668
13.257741928100586
13.130426406860352
13.195991516113281
13.22793960571289
13.124465942382812
12.743949890136719
12.98379898071289
13.31472396850586
13.524293899536133
13.551712036132812
13.955831527709961
13.07368278503418
13.072729110717773
12.986898422241211
13.277053833007812
13.190746307373047
13.293743133544922
13.02790641784668
13.352632522583008
13.00501823425293
13.002872467041016
13.122797012329102
13.210058212280273
13.252019882202148
13.112068176269531
13.092279434204102
13.238668441772461
12.940406799316406
13.059854507446289
13.21101188659668
13.216972351074219
13.163328170776367
13.111114501953125
13.072967529296875
13.006448745727539
13.103961944580078
13.289213180541992
13.080120086669922
13.496160507202148
13.147830963134766
13.177156448364258
13.060808181762695
13.055562973022461
13.072967529296875
13.092517852783203
13.759851455688477
13.01431655883789
13.265848159790039
13.379335403442383
13.236045837402344
13.663053512573242
13.327836990356445
13.069391250610352
13.37742805480957
13.187170028686523
13.119220733642578
13.099193572998047
12.991189956665039
13.139486312866211
13.042211532592773
14.068126678466797
13.178586959838867
13.117074966430664
13.089895248413086
13.166189193725586
13.221502304077148
12.969017028808594
13.064384460449219
13.896465301513672
13.078689575195312
13.059854507446289
13.118267059326172
12.935161590576172
13.140201568603516
13.09657096862793
13.684749603271484
13.389110565185547
13.289213180541992
13.084173202514648
13.039827346801758
12.887001037597656
12.824773788452148
12.958049774169922
13.987541198730469
13.270854949951172
13.274431228637695
13.31019401550293
13.448238372802734
13.193607330322266
13.29493522644043
13.390779495239258
13.334274291992188
13.239383697509766
13.063430786132812
13.109207153320312
13.308048248291016
13.103008270263672
14.152288436889648
13.690471649169922
13.557910919189453
13.356685638427734
13.545751571655273
13.061761856079102
13.162374496459961
12.996435165405273
13.221502304077148
13.5650634765625
13.222694396972656
12.731075286865234
13.105630874633789
13.259649276733398
13.025760650634766
13.181209564208984
13.255834579467773
13.185501098632812
12.988567352294922
12.985467910766602
12.68911361694336
13.061761856079102
13.207435607910156
13.61536979675293
13.374567031860352
13.084888458251953
13.005495071411133
13.08298110961914
13.093709945678711
13.20648193359375
13.221979141235352
13.051033020019531
13.297319412231445
13.02957534790039
13.067483901977539
13.096332550048828
13.097763061523438
13.209104537963867
12.989521026611328
13.283491134643555
13.019561767578125
13.08584213256836
13.124465942382812
12.996196746826172
12.978792190551758
13.140439987182617
13.088703155517578
13.321638107299805
13.40484619140625
13.611316680908203
13.380765914916992
13.492107391357422
12.984514236450195
13.10873031616211
13.110876083374023
13.24319839477539
13.031005859375
12.964248657226562
13.043880462646484
13.126373291015625
12.751340866088867
12.867212295532227
13.697385787963867
13.086557388305664
13.048648834228516
13.032913208007812
13.17596435546875
13.262748718261719
13.628959655761719
13.60630989074707
13.52381706237793
13.214588165283203
13.091087341308594
13.18359375
13.18979263305664
13.024568557739258
13.084173202514648
14.185428619384766
13.216018676757812
13.181686401367188
13.1072998046875
12.981414794921875
12.829065322875977
12.765169143676758
12.887716293334961
13.735771179199219
13.226509094238281
12.959957122802734
13.296127319335938
13.107538223266602
13.540506362915039
13.480186462402344
13.169527053833008
13.33475112915039
13.092279434204102
13.164281845092773
13.172388076782227
13.210058212280273
13.31019401550293
13.701438903808594
13.303279876708984
13.32998275756836
13.07821273803711
13.026952743530273
13.14854621887207
13.108253479003906
13.157129287719727
13.066768646240234
13.438940048217773
13.196229934692383
13.162851333618164
13.277769088745117
13.134479522705078
12.998104095458984
13.109683990478516
13.014793395996094
13.48423957824707
13.107538223266602
13.293027877807617
13.286590576171875
13.129711151123047
12.994766235351562
12.808084487915039
13.202190399169922
13.305902481079102
13.272762298583984
13.306617736816406
13.315439224243164
13.27204704284668
13.327836990356445
13.50712776184082
13.327836990356445
13.200998306274414
13.334274291992188
13.152122497558594
12.915611267089844
13.010740280151367
13.376235961914062
13.566732406616211
13.644695281982422
13.600349426269531
13.309717178344727
13.104438781738281
13.089895248413086
13.071537017822266
13.70096206665039
13.187408447265625
12.981653213500977
13.204336166381836
12.993574142456055
13.106107711791992
13.214111328125
12.858867645263672
13.591527938842773
12.959718704223633
13.059377670288086
13.110637664794922
13.315677642822266
13.085126876831055
12.931585311889648
14.08243179321289
13.51785659790039
13.10110092163086
13.128042221069336
13.152360916137695
12.862682342529297
13.104438781738281
13.188600540161133
14.004945755004883
13.30876350402832
13.02194595336914
13.033151626586914
13.1072998046875
13.153553009033203
13.129234313964844
13.608455657958984
13.514995574951172
13.258934020996094
13.136148452758789
12.997150421142578
13.034820556640625
13.077735900878906
13.030767440795898
13.54360580444336
13.28897476196289
13.152360916137695
13.292789459228516
13.081789016723633
13.062000274658203
13.044118881225586
13.10873031616211
13.581991195678711
13.676643371582031
13.427734375
13.666391372680664
13.565301895141602
13.305187225341797
13.118267059326172
13.355731964111328
13.20338249206543
13.158082962036133
13.056516647338867
13.093948364257812
13.004541397094727
13.073205947875977
13.160943984985352
13.482093811035156
13.073921203613281
13.166189193725586
13.003349304199219
13.09347152709961
12.770891189575195
13.088464736938477
13.065814971923828
13.291597366333008
13.266324996948242
13.048648834228516
13.409852981567383
13.042211532592773
13.289690017700195
13.309001922607422
13.467788696289062
13.214826583862305
13.414382934570312
13.158321380615234
13.056039810180664
13.063669204711914
13.062715530395508
12.958765029907227
13.30709457397461
13.202190399169922
13.188362121582031
13.046503067016602
13.0615234375
13.02194595336914
13.090848922729492
13.355255126953125
13.535499572753906
13.054609298706055
13.197183609008789
13.131141662597656
12.968778610229492
13.463258743286133
13.375520706176758
13.526678085327148
13.335704803466797
13.093233108520508
13.086557388305664
13.190269470214844
13.138771057128906
13.422250747680664
13.286590576171875
13.265609741210938
13.178586959838867
13.089656829833984
13.069868087768555
12.988805770874023
13.171672821044922
12.991666793823242
14.149188995361328
13.105154037475586
13.139724731445312
13.102531433105469
13.128995895385742
13.232707977294922
12.987136840820312
13.808488845825195
13.437509536743164
13.180971145629883
13.147830963134766
13.23390007019043
13.054132461547852
12.94851303100586
13.334989547729492
14.107465744018555
13.366460800170898
13.256072998046875
13.282537460327148
13.045549392700195
12.93325424194336
12.916803359985352
13.136625289916992
13.820409774780273
12.955665588378906
13.199567794799805
13.098716735839844
12.879610061645508
12.8326416015625
12.949943542480469
12.956619262695312
13.160943984985352
13.255596160888672
13.181686401367188
13.471603393554688
13.629913330078125
13.360023498535156
13.167858123779297
13.339996337890625
12.987136840820312
13.258218765258789
13.323783874511719
13.23699951171875
13.227701187133789
13.164281845092773
13.100862503051758
13.442516326904297
13.009309768676758
13.191699981689453
13.074636459350586
13.137340545654297
13.231039047241211
13.166666030883789
13.783693313598633
13.34834098815918
13.12565803527832
13.262510299682617
13.309001922607422
13.125419616699219
13.151168823242188
13.095378875732422
13.318777084350586
12.761116027832031
12.725353240966797
12.639284133911133
12.979984283447266
12.715339660644531
14.012575149536133
13.518095016479492
13.41104507446289
13.178110122680664
13.271331787109375
13.152599334716797
13.132810592651367
13.14687728881836
13.123273849487305
13.092041015625
13.321876525878906
13.045549392700195
12.939453125
13.544797897338867
13.707876205444336
13.295173645019531
13.447046279907227
13.321876525878906
13.22317123413086
13.171672821044922
13.304948806762695
13.139724731445312
13.077020645141602
13.001680374145508
13.219594955444336
13.057231903076172
13.061761856079102
13.139486312866211
13.006448745727539
13.009071350097656
13.226032257080078
13.919353485107422
13.49949836730957
13.153314590454102
13.14091682434082
12.984275817871094
12.929916381835938
13.138771057128906
12.959718704223633
13.430118560791016
13.252019882202148
13.111114501953125
13.036251068115234
13.076305389404297
13.280153274536133
13.303279876708984
13.242721557617188
14.060497283935547
12.996196746826172
13.32998275756836
12.994050979614258
13.10586929321289
13.549327850341797
13.956308364868164
14.109134674072266
13.249397277832031
13.294219970703125
12.999296188354492
13.004541397094727
13.221025466918945
13.071775436401367
13.489246368408203
13.856649398803711
13.196706771850586
13.39101791381836
13.143777847290039
12.848854064941406
13.141393661499023
13.045310974121094
13.068675994873047
13.211488723754883
13.000965118408203
13.124942779541016
13.11039924621582
13.202667236328125
13.213157653808594
13.569116592407227
12.688159942626953
12.99428939819336
13.00501823425293
12.981414794921875
13.195514678955078
13.083219528198242
13.20648193359375
13.015031814575195
13.396263122558594
13.079643249511719
13.147830963134766
13.060569763183594
12.875556945800781
12.883663177490234
13.128042221069336
13.269186019897461
13.089656829833984
13.044118881225586
12.989997863769531
13.219118118286133
13.206243515014648
13.175725936889648
13.071060180664062
13.327598571777344
13.164997100830078
12.914657592773438
13.281822204589844
13.057947158813477
13.237237930297852
13.114452362060547
12.97760009765625
13.482809066772461
13.143062591552734
13.156652450561523
13.024330139160156
13.062715530395508
12.904644012451172
13.105392456054688
13.27061653137207
13.108968734741211
13.25082778930664
13.100385665893555
13.405084609985352
13.744115829467773
13.175010681152344
13.297319412231445
13.521432876586914
13.10873031616211
13.116121292114258
13.022899627685547
12.858152389526367
13.144731521606445
13.385772705078125
14.019012451171875
13.373851776123047
13.131856918334961
12.919425964355469
13.11349868774414
13.071298599243164
13.175010681152344
13.280868530273438
14.109373092651367
12.787818908691406
13.130664825439453
13.106584548950195
13.056039810180664
12.997150421142578
13.156414031982422
13.670682907104492
13.363838195800781
13.149023056030273
12.958049774169922
13.104677200317383
13.279914855957031
13.298749923706055
14.408111572265625
14.30821418762207
13.00811767578125
12.970209121704102
12.944698333740234
12.929439544677734
13.031244277954102
13.134002685546875
12.961387634277344
13.12398910522461
12.958049774169922
13.033151626586914
13.041257858276367
12.995004653930664
13.010263442993164
13.047218322753906
13.271808624267578
13.219356536865234
13.190746307373047
13.031959533691406
13.076305389404297
13.025999069213867
12.934446334838867
13.139486312866211
13.477325439453125
13.238906860351562
13.010025024414062
13.120651245117188
13.031482696533203
12.91966438293457
13.067007064819336
13.073921203613281
13.14091682434082
13.089656829833984
13.033866882324219
13.174295425415039
12.69674301147461
13.68856430053711
13.723373413085938
13.411521911621094
13.361215591430664
13.612508773803711
13.409614562988281
13.172388076782227
13.20338249206543
13.051986694335938
13.136625289916992
13.536930084228516
13.304710388183594
13.120651245117188
13.046503067016602
12.88914680480957
12.949705123901367
12.934684753417969
12.566328048706055
13.480663299560547
13.185739517211914
13.27061653137207
13.232231140136719
13.238906860351562
13.162851333618164
13.208866119384766
13.469696044921875
13.479471206665039
13.007879257202148
13.071298599243164
13.083457946777344
13.019800186157227
13.135671615600586
12.31074333190918
13.509035110473633
13.042926788330078
13.11945915222168
13.18502426147461
13.304948806762695
13.558149337768555
13.333320617675781
13.738632202148438
13.161897659301758
13.05079460144043
13.162612915039062
13.149738311767578
12.918233871459961
13.157367706298828
13.036251068115234
13.792991638183594
13.563156127929688
13.302803039550781
13.308286666870117
13.436079025268555
13.701438903808594
13.202905654907227
13.78488540649414
13.43393325805664
13.422012329101562
13.26608657836914
13.23556900024414
12.982368469238281
13.139963150024414
13.091564178466797
13.908863067626953
13.149738311767578
13.00811767578125
12.93802261352539
13.054847717285156
13.142824172973633
13.093233108520508
13.08298110961914
13.162851333618164
12.905359268188477
13.159751892089844
12.82954216003418
12.965202331542969
12.994527816772461
13.27204704284668
13.388872146606445
13.207435607910156
13.321161270141602
13.109445571899414
13.212442398071289
13.220787048339844
13.261556625366211
13.118743896484375
13.24152946472168
13.022184371948242
12.915611267089844
13.092517852783203
13.039350509643555
12.865543365478516
12.972831726074219
13.219833374023438
13.432979583740234
13.265371322631836
13.738393783569336
13.494729995727539
13.227224349975586
13.022661209106445
13.066530227661133
13.583183288574219
13.195037841796875
13.418436050415039
13.204097747802734
13.201475143432617
12.850761413574219
13.049125671386719
12.955904006958008
13.451337814331055
13.17453384399414
13.233661651611328
13.020992279052734
12.862205505371094
13.443470001220703
13.162851333618164
13.176441192626953
13.083219528198242
13.290166854858398
13.168573379516602
13.147830963134766
12.965679168701172
13.081550598144531
13.13018798828125
13.238906860351562
13.199567794799805
13.167858123779297
13.146638870239258
12.973546981811523
13.349533081054688
12.916088104248047
13.172149658203125
13.202667236328125
13.0615234375
13.091564178466797
13.020753860473633
12.9547119140625
13.007402420043945
13.01717758178711
13.936758041381836
13.159513473510742
12.824773788452148
13.016700744628906
13.654708862304688
13.216972351074219
13.102054595947266
13.95273208618164
14.06240463256836
13.310432434082031
13.309955596923828
13.446807861328125
13.264894485473633
13.286828994750977
13.50545883178711
14.396429061889648
13.443946838378906
13.706445693969727
13.62752914428711
13.654232025146484
13.605594635009766
13.830900192260742
14.090538024902344
13.641119003295898
13.373613357543945
13.220787048339844
12.865543365478516
13.186454772949219
13.46135139465332
13.267278671264648
13.159990310668945
13.365983963012695
13.473033905029297
13.871431350708008
13.931035995483398
13.700485229492188
13.432741165161133
13.869762420654297
13.42630386352539
13.53597640991211
13.483762741088867
14.909029006958008
13.776540756225586
13.350725173950195
13.649463653564453
13.527631759643555
13.524532318115234
13.272285461425781
13.481616973876953
13.659477233886719
13.796567916870117
12.852191925048828
13.204097747802734
13.447761535644531
13.4124755859375
13.348817825317383
13.52548599243164
13.25678825378418
13.257026672363281
13.492107391357422
14.04571533203125
13.83352279663086
13.671398162841797
13.715505599975586
