BEAGLEBONE:  IA-01RaCtrl:CO-PSCtrl-SI2
IP_ADDRESS:  10.128.101.122
Anomalous bsmp communication in sofb_ps_setpoint_set:  83
Anomalous bsmp communication in sofb_ps_setpoint_set:  83
Anomalous bsmp communication in sofb_ps_setpoint_set:  83
5.136728286743164
4.8809051513671875
4.984855651855469
5.293369293212891
5.150079727172852
5.4931640625
5.706787109375
6.195306777954102
6.423473358154297
7.624387741088867
7.452249526977539
7.667064666748047
7.750272750854492
7.60197639465332
7.692813873291016
7.729768753051758
7.716178894042969
7.583379745483398
7.644414901733398
7.709980010986328
7.683753967285156
7.731437683105469
7.676362991333008
7.772922515869141
7.973670959472656
8.374452590942383
7.848978042602539
7.745265960693359
7.663965225219727
7.938861846923828
7.916450500488281
7.708311080932617
7.650852203369141
7.670164108276367
7.76362419128418
7.544279098510742
8.238077163696289
7.800102233886719
7.636308670043945
7.70258903503418
8.375167846679688
7.859230041503906
7.775545120239258
7.815361022949219
7.683753967285156
7.6541900634765625
7.827520370483398
7.9021453857421875
7.811546325683594
7.663965225219727
7.752418518066406
7.6274871826171875
7.672309875488281
8.25643539428711
7.893085479736328
7.815122604370117
7.815122604370117
7.746696472167969
7.7114105224609375
7.609367370605469
7.720708847045898
7.782220840454102
7.728815078735352
8.013248443603516
7.7762603759765625
7.938385009765625
8.143186569213867
7.934808731079102
7.862091064453125
7.8372955322265625
7.794857025146484
7.815122604370117
7.72857666015625
7.62629508972168
7.898569107055664
7.646322250366211
7.736682891845703
7.732391357421875
7.633209228515625
8.505821228027344
7.787466049194336
7.837533950805664
7.6808929443359375
7.689237594604492
7.723808288574219
7.855415344238281
7.8868865966796875
8.067846298217773
8.188009262084961
8.243083953857422
7.943868637084961
7.700443267822266
7.835149765014648
7.762432098388672
7.72547721862793
7.708311080932617
7.861614227294922
7.7533721923828125
7.691383361816406
7.697582244873047
7.74836540222168
7.674932479858398
7.734537124633789
7.690191268920898
7.595300674438477
7.63702392578125
7.767438888549805
7.907629013061523
7.971525192260742
7.732152938842773
7.796764373779297
7.705211639404297
7.847785949707031
7.731437683105469
7.732868194580078
8.439779281616211
8.028507232666016
7.752656936645508
7.685422897338867
7.824897766113281
8.072614669799805
7.855892181396484
7.742643356323242
7.810354232788086
7.707834243774414
7.679939270019531
7.653713226318359
7.637977600097656
7.722139358520508
7.862329483032227
7.784843444824219
7.797002792358398
7.762670516967773
7.679224014282227
8.069276809692383
8.274316787719727
8.122682571411133
7.816791534423828
7.702827453613281
7.997274398803711
7.868289947509766
8.029937744140625
7.810354232788086
7.688283920288086
8.307218551635742
7.881402969360352
7.891178131103516
7.775783538818359
7.73167610168457
7.646799087524414
7.770776748657227
7.753133773803711
7.737159729003906
7.762432098388672
7.658958435058594
7.649421691894531
7.790803909301758
7.736444473266602
7.7495574951171875
7.8945159912109375
7.790565490722656
7.849216461181641
7.703065872192383
7.916450500488281
7.791757583618164
7.757663726806641
7.660150527954102
7.772207260131836
7.750272750854492
7.839441299438477
7.817506790161133
7.7381134033203125
8.18490982055664
8.319616317749023
8.028268814086914
7.984638214111328
7.86590576171875
7.765054702758789
7.616281509399414
7.63392448425293
7.793426513671875
7.823705673217773
7.645606994628906
7.712841033935547
7.712841033935547
7.838964462280273
7.729291915893555
7.77888298034668
7.614612579345703
7.682561874389648
7.736444473266602
7.808208465576172
7.669925689697266
7.568597793579102
7.761478424072266
7.731199264526367
7.747650146484375
7.833242416381836
7.704496383666992
7.848978042602539
7.7037811279296875
7.721424102783203
8.350372314453125
7.848501205444336
7.817268371582031
7.8868865966796875
7.726430892944336
8.559226989746094
7.740259170532227
7.9669952392578125
8.159637451171875
7.895231246948242
7.714748382568359
7.682561874389648
7.680654525756836
7.739543914794922
7.739782333374023
7.768869400024414
7.624387741088867
7.726192474365234
8.484363555908203
7.869958877563477
7.790803909301758
7.741689682006836
7.835149765014648
7.9135894775390625
7.683992385864258
7.691383361816406
7.859230041503906
7.787942886352539
7.895469665527344
7.792949676513672
7.837533950805664
8.304595947265625
7.825374603271484
8.115053176879883
7.807731628417969
7.738828659057617
7.623195648193359
7.713794708251953
7.773637771606445
7.842779159545898
7.730245590209961
7.719755172729492
7.739782333374023
7.723569869995117
8.223295211791992
7.775783538818359
7.703304290771484
7.633209228515625
7.663965225219727
8.5601806640625
7.89642333984375
7.683038711547852
7.705211639404297
7.787227630615234
7.757425308227539
7.92241096496582
7.826805114746094
7.693290710449219
7.613182067871094
7.753133773803711
7.788896560668945
7.754325866699219
7.781744003295898
7.681369781494141
7.806301116943359
7.788658142089844
7.816553115844727
7.752418518066406
7.808208465576172
7.742166519165039
7.699728012084961
7.677793502807617
7.579326629638672
7.716655731201172
7.647991180419922
7.741451263427734
7.645368576049805
7.746696472167969
7.637500762939453
7.7972412109375
7.749319076538086
7.675409317016602
7.7533721923828125
7.711648941040039
7.796049118041992
7.750034332275391
7.825136184692383
7.739067077636719
7.64012336730957
7.684469223022461
7.803440093994141
7.740974426269531
7.648229598999023
7.606983184814453
7.726907730102539
7.7915191650390625
7.6446533203125
7.731199264526367
7.771015167236328
7.815122604370117
7.86280632019043
7.738351821899414
7.911443710327148
7.752656936645508
7.719516754150391
7.704973220825195
7.714986801147461
7.694005966186523
7.7037811279296875
7.6274871826171875
7.780790328979492
7.784605026245117
7.747650146484375
7.712602615356445
7.772207260131836
7.736682891845703
7.718086242675781
7.752895355224609
8.018970489501953
7.831811904907227
7.641077041625977
7.763862609863281
8.048772811889648
7.859945297241211
7.781744003295898
7.699728012084961
8.069992065429688
7.790327072143555
7.812976837158203
7.595539093017578
7.682561874389648
7.560014724731445
7.488727569580078
7.584333419799805
7.491588592529297
7.433414459228516
7.408380508422852
7.266998291015625
7.299900054931641
7.506132125854492
7.443666458129883
7.629871368408203
7.380008697509766
7.456302642822266
7.342338562011719
7.476568222045898
7.503747940063477
7.476806640625
7.616519927978516
7.361888885498047
7.744073867797852
7.779121398925781
7.714271545410156
7.810831069946289
7.715940475463867
7.723808288574219
7.722139358520508
7.902860641479492
7.903575897216797
7.625579833984375
7.668972015380859
7.699728012084961
7.7381134033203125
7.92384147644043
7.869958877563477
7.954597473144531
8.000850677490234
7.7419281005859375
7.62629508972168
7.758617401123047
7.733345031738281
7.752895355224609
7.627248764038086
7.950067520141602
7.786273956298828
7.782936096191406
7.756710052490234
7.713079452514648
7.720708847045898
7.711648941040039
7.873058319091797
8.106231689453125
7.915258407592773
7.797956466674805
7.895469665527344
7.707357406616211
8.266687393188477
7.8678131103515625
7.836580276489258
7.729768753051758
7.646083831787109
7.720708847045898
7.745027542114258
7.651090621948242
8.11147689819336
8.00943374633789
7.849931716918945
7.774591445922852
7.77888298034668
8.21828842163086
7.666110992431641
7.692575454711914
7.8029632568359375
7.717370986938477
7.7648162841796875
7.793426513671875
8.356332778930664
7.654905319213867
7.700443267822266
7.668495178222656
7.769346237182617
7.741689682006836
8.057832717895508
7.726192474365234
7.889747619628906
7.74073600769043
7.771730422973633
7.719993591308594
7.628917694091797
7.632732391357422
7.827520370483398
7.74383544921875
7.827997207641602
7.64775276184082
7.71331787109375
7.737636566162109
7.718086242675781
7.799863815307617
7.896661758422852
7.860422134399414
7.623434066772461
7.829427719116211
7.8125
7.910966873168945
7.86137580871582
7.668495178222656
7.613658905029297
7.680177688598633
7.730960845947266
7.724285125732422
7.670402526855469
7.745265960693359
7.766246795654297
7.819652557373047
7.752180099487305
7.660627365112305
7.737636566162109
7.694244384765625
7.758140563964844
7.720708847045898
7.524251937866211
7.658481597900391
7.831096649169922
7.778406143188477
7.659673690795898
7.671356201171875
7.699012756347656
7.602214813232422
8.123397827148438
7.950305938720703
7.812738418579102
7.686138153076172
7.643461227416992
7.733583450317383
7.737398147583008
7.5283050537109375
7.645130157470703
7.64775276184082
7.825613021850586
7.857322692871094
7.67970085144043
7.598638534545898
7.859945297241211
7.832527160644531
7.740259170532227
7.862329483032227
7.830381393432617
7.740259170532227
7.752656936645508
7.75599479675293
7.8277587890625
7.659435272216797
7.657051086425781
7.662057876586914
7.732152938842773
7.794618606567383
7.547855377197266
7.786989212036133
7.796049118041992
7.779359817504883
7.668733596801758
8.450984954833984
7.802486419677734
7.767200469970703
7.746219635009766
7.646799087524414
7.702827453613281
7.803916931152344
7.824897766113281
7.635593414306641
7.637500762939453
7.686138153076172
7.7533721923828125
7.751226425170898
7.79414176940918
7.833242416381836
7.805824279785156
7.830381393432617
7.673501968383789
7.848024368286133
7.728338241577148
7.3986053466796875
7.612943649291992
8.06736946105957
7.9097747802734375
7.643699645996094
7.591962814331055
7.650852203369141
7.83991813659668
7.736682891845703
7.677316665649414
7.682561874389648
7.812976837158203
7.847309112548828
7.630586624145508
8.150100708007812
8.090019226074219
7.900476455688477
7.858991622924805
7.620811462402344
7.958889007568359
8.172273635864258
8.263587951660156
7.996082305908203
7.71021842956543
8.075237274169922
7.887125015258789
7.732391357421875
7.801532745361328
7.75599479675293
8.419036865234375
7.8716278076171875
7.817983627319336
7.748126983642578
7.768869400024414
7.592201232910156
7.472515106201172
7.995128631591797
8.107423782348633
7.85374641418457
7.634401321411133
7.590293884277344
7.643222808837891
8.679628372192383
8.234500885009766
7.864236831665039
7.7991485595703125
7.812261581420898
7.853984832763672
7.767677307128906
7.777214050292969
7.775068283081055
7.754325866699219
7.677793502807617
7.718086242675781
7.799863815307617
8.494853973388672
7.810354232788086
7.781505584716797
7.792234420776367
7.88426399230957
7.757425308227539
7.606744766235352
7.619142532348633
7.674217224121094
7.710933685302734
7.6198577880859375
7.656574249267578
7.718801498413086
8.131265640258789
7.859706878662109
7.756233215332031
7.738590240478516
7.64012336730957
7.596015930175781
7.76982307434082
7.642984390258789
7.613658905029297
7.605552673339844
7.843971252441406
7.79271125793457
7.602691650390625
7.604360580444336
7.821559906005859
7.851362228393555
8.023977279663086
8.233070373535156
7.907867431640625
7.812738418579102
7.792234420776367
7.855892181396484
7.797956466674805
7.934093475341797
7.673978805541992
7.755041122436523
7.741212844848633
7.897853851318359
7.875919342041016
7.75456428527832
7.658243179321289
7.674217224121094
7.714271545410156
7.841348648071289
7.550954818725586
7.746458053588867
7.748126983642578
7.745027542114258
7.783651351928711
7.726907730102539
8.06736946105957
7.858753204345703
7.683515548706055
7.728338241577148
7.845640182495117
7.801294326782227
7.7075958251953125
7.587671279907227
7.594585418701172
7.70258903503418
7.672309875488281
7.679224014282227
7.74073600769043
7.450342178344727
7.737159729003906
7.742166519165039
7.672548294067383
7.801532745361328
7.728338241577148
7.680177688598633
7.676362991333008
7.666349411010742
7.864952087402344
7.868289947509766
7.853031158447266
7.965564727783203
7.828474044799805
7.761716842651367
7.792949676513672
7.817983627319336
7.687807083129883
7.8277587890625
7.73310661315918
7.717609405517578
7.695913314819336
7.781982421875
7.582664489746094
6.6375732421875
4.874229431152344
4.936933517456055
5.103349685668945
4.97889518737793
5.096912384033203
5.120277404785156
5.170345306396484
5.293369293212891
5.420446395874023
5.590915679931641
6.014585494995117
7.581233978271484
7.655143737792969
7.73310661315918
7.72857666015625
7.747411727905273
7.781982421875
7.74073600769043
7.813930511474609
7.84754753112793
7.715702056884766
7.914304733276367
7.93004035949707
7.792234420776367
7.747650146484375
7.64918327331543
7.751941680908203
7.787942886352539
7.714748382568359
7.666587829589844
7.685661315917969
7.735252380371094
7.7838897705078125
7.618904113769531
7.731914520263672
7.874965667724609
7.844686508178711
7.752180099487305
7.923126220703125
7.662057876586914
8.107662200927734
7.932186126708984
7.795095443725586
7.693052291870117
7.724761962890625
7.791996002197266
7.772684097290039
7.80797004699707
7.699251174926758
7.757902145385742
7.745981216430664
7.845878601074219
7.717370986938477
7.80034065246582
7.816314697265625
8.26573371887207
7.853031158447266
7.733583450317383
7.811307907104492
7.865667343139648
7.746696472167969
7.782220840454102
7.752418518066406
7.663488388061523
7.741212844848633
7.788181304931641
7.705450057983398
7.39288330078125
7.930278778076172
7.629156112670898
7.599115371704102
7.790565490722656
7.695436477661133
7.745981216430664
7.737636566162109
7.80940055847168
7.872819900512695
8.27789306640625
8.880138397216797
7.891416549682617
8.558034896850586
8.043527603149414
7.801532745361328
7.722377777099609
7.783412933349609
7.813215255737305
7.817745208740234
7.700920104980469
7.879495620727539
7.876396179199219
7.830142974853516
7.814168930053711
7.656335830688477
8.572101593017578
8.834362030029297
7.89642333984375
7.828474044799805
7.733821868896484
7.8907012939453125
7.850170135498047
7.808685302734375
7.684230804443359
7.731199264526367
7.795095443725586
7.945775985717773
7.775068283081055
7.756233215332031
7.643222808837891
7.709503173828125
7.76219367980957
7.766008377075195
7.680177688598633
7.728099822998047
7.768154144287109
7.671594619750977
7.76982307434082
7.791280746459961
7.678747177124023
7.660865783691406
7.685422897338867
7.692813873291016
7.634878158569336
7.955312728881836
7.7495574951171875
7.715702056884766
7.809877395629883
7.772684097290039
7.694005966186523
7.718801498413086
7.761716842651367
7.747173309326172
7.786750793457031
7.772207260131836
7.682323455810547
7.73310661315918
7.745265960693359
7.88426399230957
7.8945159912109375
7.873058319091797
7.632732391357422
7.900476455688477
7.557868957519531
7.831573486328125
7.822990417480469
8.079051971435547
7.786273956298828
7.981777191162109
7.899761199951172
7.924079895019531
7.8525543212890625
7.773399353027344
7.751941680908203
7.751226425170898
7.805347442626953
7.752895355224609
7.684469223022461
7.6770782470703125
7.767438888549805
7.824420928955078
7.289886474609375
8.080720901489258
8.106470108032227
7.853269577026367
7.746696472167969
7.600307464599609
7.83848762512207
7.765531539916992
7.987737655639648
7.941007614135742
7.950067520141602
8.039712905883789
8.021354675292969
7.888078689575195
7.933616638183594
7.882356643676758
7.863283157348633
7.9669952392578125
8.086919784545898
7.780551910400391
7.750749588012695
8.040904998779297
7.804632186889648
8.051395416259766
8.002758026123047
8.01539421081543
7.991790771484375
7.950544357299805
7.977485656738281
8.008718490600586
8.162975311279297
7.918119430541992
7.92384147644043
7.839202880859375
7.772207260131836
7.626771926879883
7.677555084228516
7.800817489624023
8.097171783447266
7.887125015258789
7.820844650268555
7.824897766113281
7.652044296264648
7.668733596801758
7.793903350830078
7.8563690185546875
8.121252059936523
7.890939712524414
7.859945297241211
8.012771606445312
7.974147796630859
8.028030395507812
8.121967315673828
7.93910026550293
7.744789123535156
7.83848762512207
7.932901382446289
8.005380630493164
7.939815521240234
7.951021194458008
7.851362228393555
7.786273956298828
8.189916610717773
8.187532424926758
7.68733024597168
7.798910140991211
7.730960845947266
7.983922958374023
7.846355438232422
7.776021957397461
7.638216018676758
7.663965225219727
7.779598236083984
7.763147354125977
8.244991302490234
7.992029190063477
7.843971252441406
7.822275161743164
7.670164108276367
7.668972015380859
7.692813873291016
7.884979248046875
7.773399353027344
7.726430892944336
7.70258903503418
7.802724838256836
7.739543914794922
8.308649063110352
7.955074310302734
7.7686309814453125
7.812976837158203
7.823467254638672
7.754087448120117
7.639408111572266
7.853031158447266
7.777690887451172
7.808685302734375
7.8582763671875
7.7419281005859375
7.626533508300781
8.569717407226562
8.221149444580078
7.826805114746094
7.914304733276367
7.94529914855957
7.907867431640625
8.01229476928711
7.98797607421875
7.63702392578125
7.7228546142578125
7.768869400024414
7.773637771606445
7.793664932250977
7.753849029541016
7.662534713745117
7.472038269042969
7.772922515869141
7.601022720336914
7.774114608764648
7.725715637207031
7.755517959594727
7.661342620849609
7.653951644897461
7.67064094543457
7.747411727905273
7.744073867797852
7.695913314819336
7.726430892944336
7.790565490722656
7.780551910400391
7.73167610168457
7.785558700561523
7.7991485595703125
7.649660110473633
7.8296661376953125
7.742643356323242
7.848501205444336
7.674455642700195
7.681846618652344
7.713794708251953
7.823705673217773
7.782936096191406
7.777214050292969
7.771492004394531
7.710933685302734
7.849216461181641
7.729530334472656
7.83228874206543
7.843732833862305
7.796049118041992
7.70115852355957
7.75599479675293
7.774829864501953
7.817745208740234
7.844209671020508
7.75599479675293
7.661342620849609
7.622957229614258
7.843017578125
7.805824279785156
7.780790328979492
7.770776748657227
7.689952850341797
7.742404937744141
7.629871368408203
8.113622665405273
8.161544799804688
8.64100456237793
8.295536041259766
7.734537124633789
8.09478759765625
7.847070693969727
7.869482040405273
7.723331451416016
7.89952278137207
7.767677307128906
7.832765579223633
7.87043571472168
7.894992828369141
7.787227630615234
7.719755172729492
7.798194885253906
7.799863815307617
7.875919342041016
7.858753204345703
7.816076278686523
7.746458053588867
7.69805908203125
7.699728012084961
7.769584655761719
7.796764373779297
8.040666580200195
7.819414138793945
7.7381134033203125
7.762670516967773
7.776975631713867
7.789373397827148
7.727861404418945
7.77888298034668
7.756948471069336
7.821083068847656
7.937431335449219
7.786989212036133
7.725000381469727
7.559537887573242
8.2550048828125
8.209705352783203
7.946968078613281
7.924795150756836
8.10861587524414
7.934331893920898
8.027315139770508
7.971048355102539
7.876396179199219
7.720232009887695
7.837772369384766
7.758140563964844
7.783412933349609
7.90095329284668
7.915019989013672
7.841587066650391
7.764339447021484
7.764101028442383
7.798433303833008
7.983684539794922
7.875919342041016
7.773637771606445
7.797479629516602
8.318901062011719
7.936954498291016
7.771015167236328
7.776498794555664
7.682085037231445
7.841825485229492
7.664203643798828
8.048295974731445
7.78508186340332
7.782459259033203
7.86280632019043
7.70115852355957
7.637977600097656
8.405208587646484
7.773637771606445
7.720947265625
7.72404670715332
7.439136505126953
7.837772369384766
8.315801620483398
7.90858268737793
7.643461227416992
7.831335067749023
7.869720458984375
7.878541946411133
7.795810699462891
8.190631866455078
7.967948913574219
7.765769958496094
7.813453674316406
7.851123809814453
7.801532745361328
7.747888565063477
7.73930549621582
7.784366607666016
7.815361022949219
7.783174514770508
7.730960845947266
7.647037506103516
7.987022399902344
7.903099060058594
7.744073867797852
7.464170455932617
7.806301116943359
7.704019546508789
7.798671722412109
7.816314697265625
7.880687713623047
7.927179336547852
7.93147087097168
7.802724838256836
7.946014404296875
7.926702499389648
7.8334808349609375
7.84611701965332
7.8907012939453125
7.972002029418945
7.824897766113281
7.979393005371094
7.991313934326172
7.851600646972656
7.906675338745117
7.559537887573242
7.874250411987305
7.849454879760742
7.764577865600586
7.976531982421875
7.796287536621094
7.956504821777344
8.03375244140625
8.091211318969727
8.00180435180664
7.849216461181641
7.859706878662109
8.01229476928711
7.832527160644531
7.820844650268555
7.74383544921875
7.890462875366211
7.811069488525391
7.740974426269531
7.755041122436523
7.807254791259766
7.915735244750977
7.748842239379883
7.798194885253906
7.777929306030273
7.959842681884766
7.8258514404296875
7.897138595581055
8.384227752685547
7.933378219604492
7.822275161743164
8.083581924438477
7.969856262207031
8.024215698242188
7.874011993408203
7.812738418579102
7.798433303833008
7.719278335571289
7.680654525756836
7.733821868896484
7.755756378173828
7.820606231689453
7.797479629516602
7.673501968383789
7.726430892944336
7.80034065246582
7.818460464477539
7.787942886352539
7.855892181396484
7.780790328979492
7.651090621948242
7.867574691772461
7.781505584716797
7.79271125793457
7.73167610168457
7.737636566162109
7.703065872192383
7.6923370361328125
7.7495574951171875
7.742643356323242
7.758140563964844
7.715463638305664
7.771968841552734
7.693290710449219
7.696390151977539
8.072137832641602
7.802486419677734
7.645368576049805
7.787227630615234
7.722139358520508
7.777690887451172
7.683038711547852
7.631063461303711
7.710695266723633
7.811546325683594
7.7972412109375
7.8182220458984375
7.859468460083008
8.01849365234375
7.940769195556641
7.929086685180664
7.882595062255859
8.08572769165039
7.967233657836914
7.933616638183594
7.873058319091797
7.83085823059082
7.811784744262695
7.779359817504883
7.854223251342773
7.767915725708008
7.679939270019531
7.760524749755859
7.712602615356445
7.714033126831055
7.737159729003906
7.7667236328125
7.6808929443359375
7.698297500610352
7.826328277587891
7.769107818603516
7.758855819702148
7.727384567260742
7.755517959594727
8.330106735229492
8.08405876159668
7.982969284057617
7.728338241577148
7.838010787963867
7.704019546508789
7.83085823059082
7.816791534423828
7.81559944152832
7.695913314819336
7.775306701660156
7.757663726806641
7.8372955322265625
8.23354721069336
7.94219970703125
7.847785949707031
7.74383544921875
7.714748382568359
7.685184478759766
7.74693489074707
7.796525955200195
7.683277130126953
7.7915191650390625
7.714748382568359
7.781267166137695
7.736921310424805
8.398771286010742
7.880210876464844
7.754087448120117
7.843255996704102
7.887125015258789
7.822275161743164
7.761716842651367
8.0718994140625
7.69495964050293
7.730007171630859
7.761240005493164
7.853031158447266
7.670402526855469
8.494377136230469
7.997989654541016
7.921695709228516
7.842063903808594
7.7457427978515625
7.666349411010742
7.739543914794922
7.740020751953125
7.803201675415039
7.667064666748047
7.678031921386719
7.782459259033203
7.732868194580078
7.860660552978516
7.82465934753418
7.73930549621582
7.709980010986328
7.662773132324219
7.879495620727539
7.330179214477539
7.70115852355957
7.747650146484375
7.824182510375977
7.838249206542969
7.699251174926758
7.773160934448242
7.7762603759765625
7.773399353027344
7.824182510375977
7.880687713623047
7.813215255737305
7.761478424072266
7.779359817504883
7.874011993408203
7.981061935424805
7.890224456787109
7.846355438232422
8.048295974731445
7.818937301635742
7.906436920166016
7.960081100463867
8.085012435913086
7.867097854614258
7.971525192260742
7.941484451293945
7.666587829589844
7.277965545654297
7.628202438354492
7.635354995727539
7.38525390625
7.576942443847656
7.232189178466797
7.53331184387207
7.705450057983398
8.364439010620117
8.002758026123047
7.852792739868164
7.761240005493164
7.700681686401367
7.648706436157227
7.790565490722656
7.786273956298828
7.848501205444336
7.672786712646484
7.680177688598633
7.773637771606445
7.649421691894531
7.637500762939453
7.441282272338867
7.716655731201172
7.824182510375977
7.689237594604492
7.520437240600586
7.627248764038086
7.733345031738281
7.634162902832031
7.602453231811523
7.72404670715332
7.709980010986328
7.767438888549805
7.821083068847656
7.6465606689453125
7.74073600769043
7.753610610961914
7.665872573852539
7.6389312744140625
7.757425308227539
7.779359817504883
7.814168930053711
7.746696472167969
7.706165313720703
7.665872573852539
7.816791534423828
7.722139358520508
7.775068283081055
7.675886154174805
7.642269134521484
7.76362419128418
7.718324661254883
7.690191268920898
7.650613784790039
7.708072662353516
7.723331451416016
7.814884185791016
7.744789123535156
7.750988006591797
7.779598236083984
7.752656936645508
7.71784782409668
7.796287536621094
7.809638977050781
7.6084136962890625
7.803916931152344
7.755517959594727
7.573127746582031
7.730960845947266
7.64775276184082
7.761478424072266
7.752895355224609
7.9746246337890625
7.8582763671875
7.760524749755859
7.725954055786133
7.822275161743164
7.745981216430664
7.745265960693359
7.884740829467773
7.705450057983398
7.839441299438477
8.521318435668945
7.986307144165039
7.78651237487793
7.7686309814453125
7.754325866699219
7.749795913696289
7.775068283081055
7.755041122436523
7.750749588012695
7.725000381469727
7.653713226318359
7.76219367980957
7.849454879760742
8.31460952758789
7.869482040405273
7.811546325683594
7.75599479675293
7.76982307434082
7.711648941040039
7.80034065246582
7.739543914794922
7.80177116394043
7.752180099487305
7.689714431762695
7.951259613037109
7.895946502685547
8.053779602050781
7.8563690185546875
7.808208465576172
7.766008377075195
7.867097854614258
7.727861404418945
7.718324661254883
7.65681266784668
7.388114929199219
7.557392120361328
8.420228958129883
8.167743682861328
8.179664611816406
8.063554763793945
7.846593856811523
7.838726043701172
7.796525955200195
7.797956466674805
8.049488067626953
7.726430892944336
7.813930511474609
7.83085823059082
7.881402969360352
7.789134979248047
7.897853851318359
7.809877395629883
7.801532745361328
7.697343826293945
7.764339447021484
7.725954055786133
7.895469665527344
7.760763168334961
7.579803466796875
7.641792297363281
7.862091064453125
7.890462875366211
7.777214050292969
7.725715637207031
7.742166519165039
7.941007614135742
7.79414176940918
7.722139358520508
7.802009582519531
7.739543914794922
7.729768753051758
7.707118988037109
7.771730422973633
7.755041122436523
7.713079452514648
7.71784782409668
7.659673690795898
7.795810699462891
7.772207260131836
7.798194885253906
7.775068283081055
7.741689682006836
7.740974426269531
7.750272750854492
7.789134979248047
7.748842239379883
7.672309875488281
7.6904296875
7.780313491821289
7.7533721923828125
7.741212844848633
7.652997970581055
7.731914520263672
7.736921310424805
8.034944534301758
7.832050323486328
7.745027542114258
7.782697677612305
7.730245590209961
7.755041122436523
7.765769958496094
7.817983627319336
7.541894912719727
7.5931549072265625
7.761240005493164
7.75599479675293
7.843017578125
7.710933685302734
8.267641067504883
7.890939712524414
7.274627685546875
4.749298095703125
5.192756652832031
4.866123199462891
5.157709121704102
4.581451416015625
5.285739898681641
5.717277526855469
7.204294204711914
7.488489151000977
7.828712463378906
8.080005645751953
7.970094680786133
7.982015609741211
8.149862289428711
7.937192916870117
7.803201675415039
7.789850234985352
7.761955261230469
7.787227630615234
7.75909423828125
7.962703704833984
7.844209671020508
7.752418518066406
7.766962051391602
7.718324661254883
7.709026336669922
7.832050323486328
7.816791534423828
7.694005966186523
7.689237594604492
7.824182510375977
7.773876190185547
8.40449333190918
7.890462875366211
7.76982307434082
7.856130599975586
7.842302322387695
7.910966873168945
7.910013198852539
7.852315902709961
7.850885391235352
7.714033126831055
7.74693489074707
7.777214050292969
7.924795150756836
7.863283157348633
7.822990417480469
7.688760757446289
7.790088653564453
7.759332656860352
7.828235626220703
7.922649383544922
7.853507995605469
7.889509201049805
7.826089859008789
8.035421371459961
7.735252380371094
7.802009582519531
8.026361465454102
7.859706878662109
7.857084274291992
7.796764373779297
7.745981216430664
7.7953338623046875
7.731199264526367
7.732391357421875
7.854700088500977
7.7419281005859375
7.741212844848633
7.670879364013672
7.744073867797852
8.432865142822266
7.750511169433594
7.672786712646484
7.643699645996094
7.816553115844727
7.710456848144531
7.608175277709961
7.888555526733398
7.884025573730469
7.783174514770508
7.718324661254883
7.829189300537109
7.691860198974609
8.098602294921875
7.7533721923828125
7.713794708251953
7.352590560913086
7.9441070556640625
8.449554443359375
7.89952278137207
7.668972015380859
7.699251174926758
7.795095443725586
7.74383544921875
7.821559906005859
7.834434509277344
8.234739303588867
7.971763610839844
7.820367813110352
7.8525543212890625
7.872104644775391
7.781267166137695
7.73310661315918
7.702350616455078
7.731199264526367
7.92241096496582
7.827043533325195
7.750034332275391
7.659435272216797
7.6961517333984375
7.807016372680664
7.788658142089844
7.702827453613281
7.663249969482422
7.746219635009766
7.801532745361328
7.80034065246582
7.764577865600586
7.775783538818359
7.73310661315918
7.863759994506836
7.782220840454102
7.827043533325195
7.899284362792969
7.851839065551758
7.72404670715332
7.690191268920898
7.732391357421875
7.8105926513671875
7.768869400024414
7.678031921386719
7.650136947631836
7.590055465698242
7.756710052490234
7.793188095092773
7.756710052490234
7.832527160644531
7.79271125793457
7.749795913696289
7.788419723510742
7.87806510925293
7.835626602172852
7.754802703857422
7.725238800048828
7.724285125732422
7.8144073486328125
7.793903350830078
7.759809494018555
7.710933685302734
7.749795913696289
7.782459259033203
7.815361022949219
7.832527160644531
7.784366607666016
7.7533721923828125
7.856845855712891
8.226394653320312
8.024215698242188
7.856607437133789
8.044004440307617
7.990121841430664
7.737874984741211
7.808446884155273
7.810354232788086
7.719993591308594
7.88426399230957
7.805824279785156
7.746219635009766
7.69805908203125
7.763147354125977
7.77888298034668
7.70878791809082
7.75146484375
7.669210433959961
7.679224014282227
7.850170135498047
7.826328277587891
7.723093032836914
7.685661315917969
7.720232009887695
7.737874984741211
7.841587066650391
7.748126983642578
7.673978805541992
7.704257965087891
7.686138153076172
7.799863815307617
7.758855819702148
7.671117782592773
7.704019546508789
7.730007171630859
7.7648162841796875
7.661104202270508
7.730007171630859
7.783174514770508
7.794380187988281
7.745981216430664
7.816314697265625
7.623434066772461
7.68280029296875
7.713079452514648
7.7838897705078125
7.64918327331543
7.715702056884766
7.742166519165039
7.790803909301758
7.791996002197266
7.750988006591797
7.805824279785156
8.211612701416016
7.808208465576172
7.755041122436523
7.766485214233398
7.7686309814453125
7.728815078735352
7.796764373779297
7.666826248168945
7.75909423828125
7.775545120239258
7.799386978149414
7.735013961791992
7.719278335571289
7.739782333374023
7.699012756347656
8.308887481689453
7.935523986816406
7.85374641418457
7.803201675415039
7.718086242675781
7.722139358520508
7.785797119140625
7.734060287475586
7.77125358581543
7.707834243774414
7.802486419677734
7.783412933349609
7.669210433959961
8.455514907836914
7.922172546386719
7.790327072143555
7.655620574951172
7.735013961791992
7.765531539916992
7.720232009887695
7.7342987060546875
7.675647735595703
7.72404670715332
7.745981216430664
7.959604263305664
7.787466049194336
7.99250602722168
7.784843444824219
7.765293121337891
7.804632186889648
7.725954055786133
7.723093032836914
7.759809494018555
7.6656341552734375
7.648468017578125
7.723331451416016
7.422685623168945
7.727861404418945
7.72857666015625
8.152961730957031
7.952213287353516
7.736682891845703
7.84611701965332
7.832050323486328
7.703065872192383
7.790088653564453
7.667779922485352
7.898569107055664
7.803201675415039
7.8277587890625
7.750749588012695
7.68280029296875
7.673978805541992
7.878541946411133
7.792472839355469
7.718086242675781
7.10296630859375
4.879236221313477
5.065441131591797
5.635738372802734
7.817745208740234
7.711172103881836
7.745027542114258
7.729053497314453
7.794857025146484
8.517980575561523
7.776498794555664
7.771492004394531
7.823944091796875
7.798671722412109
7.683992385864258
7.77435302734375
7.851600646972656
7.771968841552734
7.76982307434082
7.710456848144531
7.67207145690918
7.4310302734375
7.947444915771484
8.322477340698242
7.876873016357422
7.836580276489258
7.853031158447266
7.847070693969727
7.822275161743164
7.6694488525390625
7.7419281005859375
7.88426399230957
7.769107818603516
7.866144180297852
7.820844650268555
7.70258903503418
7.69805908203125
7.790327072143555
7.761478424072266
7.723331451416016
7.714986801147461
7.686138153076172
7.847070693969727
7.734537124633789
7.770776748657227
7.719278335571289
7.707834243774414
7.740974426269531
7.836580276489258
7.809638977050781
7.910728454589844
7.730007171630859
7.718563079833984
7.728099822998047
7.758140563964844
7.750272750854492
7.727146148681641
7.707118988037109
7.7228546142578125
7.794618606567383
7.739543914794922
7.818937301635742
7.781505584716797
7.68280029296875
7.795572280883789
7.810831069946289
7.75599479675293
7.8754425048828125
7.724761962890625
7.6389312744140625
7.762670516967773
7.836103439331055
7.781505584716797
7.676124572753906
7.695436477661133
7.780790328979492
7.760524749755859
7.764577865600586
7.739543914794922
7.884979248046875
7.793664932250977
7.7075958251953125
7.874965667724609
7.698297500610352
7.836341857910156
7.8067779541015625
7.676839828491211
7.622480392456055
7.787466049194336
7.774114608764648
7.624149322509766
7.688760757446289
7.688045501708984
7.767915725708008
7.732629776000977
7.725238800048828
7.718324661254883
7.781744003295898
7.757425308227539
7.912397384643555
7.877826690673828
7.788658142089844
7.652521133422852
7.744312286376953
7.805585861206055
7.830381393432617
7.745981216430664
7.782936096191406
7.683515548706055
7.600307464599609
7.683277130126953
7.781982421875
7.758378982543945
8.566141128540039
11.369466781616211
7.103443145751953
6.958961486816406
6.382942199707031
6.942987442016602
7.310628890991211
7.601737976074219
6.573200225830078
6.868600845336914
7.415056228637695
7.687807083129883
7.317304611206055
8.345365524291992
7.523298263549805
7.770538330078125
7.451057434082031
7.569313049316406
7.652521133422852
7.834434509277344
8.107423782348633
7.920742034912109
8.007526397705078
7.849216461181641
7.851839065551758
8.162736892700195
8.62574577331543
8.046865463256836
7.961034774780273
7.900714874267578
7.869958877563477
7.912874221801758
7.750749588012695
7.719278335571289
7.723808288574219
7.718086242675781
7.822275161743164
7.814168930053711
7.8258514404296875
8.258342742919922
7.890224456787109
7.822275161743164
7.862567901611328
7.672548294067383
7.727146148681641
7.771015167236328
7.808208465576172
7.676601409912109
7.612943649291992
7.681608200073242
7.885217666625977
7.7533721923828125
7.834911346435547
7.690906524658203
7.764339447021484
7.827997207641602
7.765054702758789
7.741689682006836
7.840156555175781
7.828950881958008
7.658958435058594
7.714986801147461
7.734775543212891
7.757663726806641
7.66444206237793
7.681608200073242
7.669925689697266
7.529020309448242
7.827281951904297
7.730960845947266
7.773399353027344
7.75146484375
7.714271545410156
7.835149765014648
7.771968841552734
7.682561874389648
7.726192474365234
7.799625396728516
7.7838897705078125
7.666110992431641
7.906675338745117
7.671833038330078
7.691621780395508
7.771492004394531
7.767677307128906
7.72547721862793
7.747173309326172
7.802248001098633
7.699728012084961
7.78508186340332
7.696390151977539
7.498264312744141
7.517576217651367
7.495403289794922
7.73167610168457
8.14056396484375
7.720947265625
7.637500762939453
7.5817108154296875
7.607936859130859
7.740497589111328
7.62939453125
7.605791091918945
7.915019989013672
8.040189743041992
7.681846618652344
7.7304840087890625
7.666826248168945
7.7152252197265625
7.670402526855469
7.780313491821289
7.702350616455078
7.877826690673828
7.706880569458008
7.66444206237793
7.701396942138672
7.749319076538086
7.742166519165039
7.737636566162109
7.623195648193359
7.653236389160156
7.849931716918945
7.815837860107422
7.676601409912109
7.679224014282227
7.661581039428711
7.837057113647461
7.777214050292969
7.839441299438477
7.950544357299805
7.9212188720703125
7.821321487426758
7.858037948608398
7.723569869995117
7.801294326782227
7.900476455688477
7.829189300537109
7.923364639282227
7.900238037109375
7.864475250244141
7.8639984130859375
7.640600204467773
7.744312286376953
7.758378982543945
7.888555526733398
7.868528366088867
7.723808288574219
7.760763168334961
7.73930549621582
7.760047912597656
7.74383544921875
7.656574249267578
7.719755172729492
7.944345474243164
7.9059600830078125
7.755041122436523
7.723331451416016
7.847070693969727
7.781982421875
7.5855255126953125
7.56072998046875
7.731914520263672
7.745265960693359
7.660388946533203
7.749319076538086
7.706880569458008
7.889747619628906
7.674217224121094
8.585453033447266
7.878780364990234
7.917642593383789
7.880449295043945
7.831573486328125
7.778406143188477
7.710933685302734
7.795810699462891
7.78651237487793
7.789134979248047
7.843494415283203
7.798671722412109
7.732391357421875
8.01229476928711
7.850408554077148
7.770776748657227
7.817745208740234
7.879495620727539
7.815122604370117
7.809638977050781
7.625579833984375
7.780313491821289
7.424116134643555
8.085012435913086
8.35728645324707
8.264780044555664
7.92384147644043
7.882118225097656
7.827997207641602
7.857799530029297
7.906436920166016
7.903099060058594
7.846355438232422
7.764101028442383
7.803678512573242
7.843971252441406
7.797956466674805
7.7972412109375
8.143186569213867
7.925271987915039
7.4253082275390625
8.209228515625
7.988214492797852
7.838726043701172
7.879734039306641
7.73167610168457
7.749080657958984
7.82322883605957
7.8887939453125
7.843255996704102
7.818937301635742
7.746458053588867
7.8125
7.726192474365234
7.78651237487793
7.816553115844727
7.796049118041992
7.912158966064453
7.720470428466797
7.756471633911133
7.758617401123047
7.780790328979492
7.77435302734375
7.770776748657227
7.792949676513672
7.664680480957031
7.815837860107422
7.782936096191406
7.811069488525391
7.668972015380859
7.700204849243164
7.72404670715332
7.925510406494141
7.856845855712891
7.814168930053711
7.853507995605469
7.660627365112305
7.68280029296875
7.805585861206055
7.761240005493164
7.765293121337891
8.33582878112793
7.8334808349609375
7.900714874267578
7.882595062255859
7.715463638305664
7.665157318115234
7.67064094543457
7.692575454711914
7.81559944152832
7.520198822021484
7.7686309814453125
7.8105926513671875
7.846355438232422
7.807254791259766
7.8372955322265625
7.77745246887207
7.822275161743164
7.767200469970703
7.809162139892578
7.786273956298828
7.811546325683594
7.797479629516602
7.737636566162109
7.731437683105469
7.782220840454102
7.874965667724609
7.799863815307617
7.738828659057617
7.681846618652344
7.743358612060547
7.899761199951172
7.797479629516602
8.121013641357422
7.830142974853516
7.869482040405273
7.832765579223633
7.697105407714844
7.683277130126953
7.786273956298828
7.785558700561523
7.852792739868164
8.022546768188477
7.916927337646484
7.896900177001953
7.745981216430664
7.671356201171875
7.754325866699219
7.809162139892578
7.8067779541015625
7.668495178222656
7.698297500610352
7.764577865600586
7.763385772705078
7.770299911499023
7.745027542114258
7.706880569458008
7.783651351928711
7.750511169433594
7.869243621826172
7.723331451416016
7.812976837158203
7.745504379272461
7.67970085144043
7.732629776000977
7.825374603271484
7.807254791259766
7.773637771606445
7.679939270019531
7.758855819702148
7.808685302734375
7.794857025146484
7.758140563964844
7.471561431884766
7.901430130004883
8.439779281616211
8.076190948486328
7.747173309326172
7.725000381469727
7.902622222900391
7.929801940917969
7.797002792358398
7.885932922363281
7.875680923461914
7.881402969360352
7.744789123535156
8.448123931884766
8.075714111328125
7.819890975952148
7.824897766113281
7.69805908203125
7.698774337768555
7.8487396240234375
7.761955261230469
7.799863815307617
7.947683334350586
7.710456848144531
7.782697677612305
7.783412933349609
8.274555206298828
7.784128189086914
7.7972412109375
7.874727249145508
7.883548736572266
7.7953338623046875
7.853507995605469
7.435321807861328
8.18181037902832
8.107662200927734
7.833957672119141
7.801532745361328
7.826089859008789
8.128166198730469
7.894277572631836
7.937431335449219
7.8601837158203125
7.791757583618164
7.880926132202148
7.742166519165039
7.910013198852539
7.750988006591797
7.681846618652344
7.786750793457031
7.848024368286133
7.821559906005859
8.157491683959961
7.905244827270508
7.741689682006836
7.770538330078125
7.697582244873047
7.826566696166992
7.853984832763672
7.871389389038086
7.734060287475586
7.719516754150391
7.671117782592773
8.016109466552734
7.918834686279297
7.74693489074707
7.82012939453125
7.845163345336914
8.023738861083984
7.915496826171875
7.882118225097656
7.813930511474609
7.776498794555664
7.820367813110352
7.801294326782227
7.866859436035156
7.857561111450195
7.844209671020508
7.776737213134766
7.658958435058594
7.755756378173828
7.77125358581543
7.835865020751953
7.838010787963867
7.765293121337891
7.842302322387695
7.807493209838867
7.7419281005859375
7.977962493896484
7.767677307128906
7.798194885253906
7.86900520324707
7.781028747558594
7.67970085144043
7.700920104980469
7.958889007568359
7.856130599975586
7.764339447021484
7.3070526123046875
7.628440856933594
7.9784393310546875
7.771015167236328
7.85064697265625
7.775306701660156
7.906675338745117
7.698774337768555
7.829189300537109
7.808446884155273
7.787227630615234
7.9746246337890625
7.879734039306641
7.828712463378906
7.694244384765625
7.786273956298828
7.770776748657227
7.796049118041992
7.770061492919922
7.811307907104492
7.74693489074707
7.660627365112305
7.806539535522461
7.757425308227539
7.793903350830078
7.766246795654297
7.67970085144043
7.797718048095703
7.758617401123047
7.788181304931641
7.7724456787109375
7.627248764038086
7.696628570556641
7.814645767211914
7.80940055847168
7.642269134521484
7.648944854736328
7.736682891845703
7.879018783569336
7.752418518066406
7.711648941040039
7.722616195678711
7.749080657958984
7.791280746459961
7.712364196777344
7.790327072143555
7.753849029541016
7.699251174926758
7.697820663452148
7.754087448120117
7.735013961791992
7.75456428527832
7.678985595703125
7.747888565063477
7.758855819702148
8.046388626098633
7.786989212036133
7.781744003295898
7.69805908203125
7.681369781494141
7.794380187988281
7.760047912597656
7.85374641418457
7.886648178100586
7.826089859008789
7.675647735595703
7.690906524658203
7.766485214233398
7.887363433837891
7.783651351928711
7.535696029663086
7.731914520263672
7.744073867797852
7.768869400024414
7.778406143188477
7.704257965087891
7.726430892944336
7.746458053588867
7.770538330078125
7.766962051391602
7.775068283081055
7.721900939941406
8.059501647949219
7.863759994506836
7.798910140991211
7.787466049194336
7.826805114746094
7.799386978149414
7.714748382568359
7.721185684204102
7.667064666748047
7.8487396240234375
7.604360580444336
7.635593414306641
7.673978805541992
8.556842803955078
7.993936538696289
7.713556289672852
7.747888565063477
7.693767547607422
7.84754753112793
7.803916931152344
7.818698883056641
7.7362060546875
7.745265960693359
7.867097854614258
7.837057113647461
7.8029632568359375
8.573532104492188
7.955312728881836
7.85064697265625
7.848501205444336
7.825374603271484
7.799625396728516
7.813215255737305
7.700681686401367
7.750988006591797
7.725238800048828
8.18181037902832
7.838964462280273
7.838249206542969
8.371353149414062
7.842779159545898
7.876396179199219
7.884740829467773
7.79271125793457
7.727146148681641
7.728815078735352
7.764339447021484
7.744073867797852
7.703304290771484
7.708072662353516
7.748603820800781
7.704496383666992
7.742643356323242
7.727384567260742
7.903575897216797
7.936000823974609
7.754087448120117
7.705926895141602
7.741451263427734
7.85064697265625
7.864475250244141
7.787227630615234
7.752656936645508
7.707357406616211
7.787227630615234
7.725954055786133
7.834196090698242
7.770538330078125
7.6751708984375
7.689714431762695
7.776498794555664
7.8029632568359375
7.704496383666992
7.730245590209961
7.716178894042969
7.798194885253906
7.953166961669922
7.786750793457031
7.831096649169922
7.720470428466797
7.766962051391602
7.744073867797852
7.776975631713867
7.732152938842773
7.833242416381836
7.816791534423828
7.677793502807617
7.7037811279296875
7.761955261230469
7.851600646972656
7.620573043823242
7.404804229736328
8.251667022705078
7.924795150756836
7.83228874206543
7.792472839355469
7.94219970703125
7.89189338684082
7.948875427246094
7.877826690673828
7.835626602172852
7.78508186340332
7.796764373779297
7.751941680908203
8.081197738647461
7.8334808349609375
7.833242416381836
7.789373397827148
7.891178131103516
7.732868194580078
7.6770782470703125
7.69352912902832
7.867097854614258
7.810831069946289
7.829427719116211
7.672548294067383
7.805347442626953
7.80487060546875
7.77745246887207
7.988214492797852
7.849931716918945
7.87043571472168
7.770061492919922
7.781982421875
7.722139358520508
7.785320281982422
7.7381134033203125
7.752895355224609
7.777929306030273
7.903337478637695
7.750749588012695
7.717609405517578
7.757663726806641
7.812738418579102
7.782459259033203
7.866144180297852
7.724761962890625
7.689714431762695
7.771730422973633
7.849454879760742
7.837533950805664
7.689237594604492
7.748603820800781
7.843494415283203
7.783412933349609
7.793903350830078
7.881641387939453
7.971525192260742
7.933616638183594
7.8487396240234375
7.866382598876953
7.765769958496094
7.777690887451172
7.818698883056641
7.839202880859375
7.845640182495117
7.9345703125
7.708072662353516
7.719993591308594
7.775783538818359
7.770299911499023
7.858753204345703
7.872819900512695
8.027315139770508
8.638620376586914
7.727622985839844
7.750272750854492
8.32819938659668
7.850408554077148
7.823467254638672
7.833003997802734
7.772684097290039
7.732391357421875
7.715940475463867
7.7838897705078125
7.707118988037109
7.807254791259766
7.743597030639648
7.812738418579102
7.63702392578125
8.573293685913086
7.798671722412109
7.723093032836914
7.821798324584961
7.805347442626953
7.755756378173828
7.77125358581543
7.719516754150391
7.697343826293945
7.7495574951171875
7.775783538818359
7.779359817504883
7.7762603759765625
8.079051971435547
7.830381393432617
7.660627365112305
7.846355438232422
7.888317108154297
7.7381134033203125
7.780551910400391
7.728099822998047
7.656335830688477
7.676839828491211
7.760524749755859
7.734775543212891
7.73167610168457
8.01849365234375
7.774829864501953
7.742643356323242
7.828474044799805
7.873296737670898
7.6999664306640625
7.723808288574219
7.757663726806641
7.868528366088867
7.793903350830078
7.66754150390625
7.761955261230469
7.811307907104492
7.321834564208984
7.561683654785156
7.673501968383789
7.697582244873047
7.856130599975586
7.783412933349609
7.794380187988281
7.666587829589844
7.704496383666992
7.82012939453125
7.743597030639648
7.742166519165039
7.8029632568359375
7.741689682006836
7.70115852355957
7.7419281005859375
8.006811141967773
7.7800750732421875
7.775306701660156
7.681369781494141
7.674932479858398
7.66444206237793
7.802248001098633
7.785797119140625
7.689476013183594
7.802248001098633
7.848501205444336
7.893085479736328
7.87043571472168
7.859468460083008
7.849216461181641
7.896661758422852
7.7877044677734375
7.808685302734375
7.826328277587891
7.763862609863281
7.848978042602539
7.857084274291992
7.783651351928711
7.768869400024414
7.727861404418945
7.730960845947266
7.811784744262695
7.7877044677734375
7.9593658447265625
7.868528366088867
7.665157318115234
7.799863815307617
7.697582244873047
7.7991485595703125
7.772684097290039
8.039474487304688
7.907390594482422
7.838726043701172
7.817745208740234
7.695436477661133
7.734537124633789
7.710933685302734
7.839679718017578
7.720232009887695
7.750272750854492
7.773399353027344
7.80797004699707
7.765293121337891
7.9212188720703125
7.853031158447266
7.8029632568359375
7.80177116394043
7.822275161743164
7.748842239379883
7.825136184692383
7.750511169433594
7.861852645874023
8.10098648071289
7.881641387939453
7.756233215332031
7.815122604370117
7.654666900634766
7.757663726806641
7.736682891845703
7.7228546142578125
7.685422897338867
7.755041122436523
7.735013961791992
7.852315902709961
7.922887802124023
7.785320281982422
7.6999664306640625
7.694721221923828
7.841825485229492
7.793188095092773
7.731199264526367
7.761955261230469
7.657527923583984
7.730245590209961
7.81702995300293
7.887363433837891
7.795095443725586
7.789850234985352
7.734060287475586
7.715463638305664
7.728815078735352
7.840156555175781
7.900238037109375
7.741212844848633
7.695674896240234
7.654666900634766
7.725954055786133
7.754802703857422
7.802724838256836
7.773160934448242
7.68733024597168
7.810354232788086
7.7266693115234375
7.846593856811523
8.361577987670898
7.916450500488281
7.854461669921875
7.77888298034668
8.040904998779297
8.204460144042969
8.06736946105957
8.057117462158203
7.991790771484375
7.960796356201172
7.781028747558594
7.966518402099609
7.666587829589844
7.990837097167969
7.118463516235352
7.182836532592773
7.898807525634766
7.886409759521484
7.859468460083008
7.92694091796875
7.889509201049805
7.851600646972656
7.917165756225586
7.901668548583984
8.372306823730469
8.46409797668457
8.301973342895508
7.874965667724609
7.875680923461914
8.118629455566406
8.006572723388672
7.93004035949707
8.36634635925293
8.058547973632812
7.773399353027344
7.859706878662109
7.7190399169921875
7.747411727905273
8.52060317993164
7.747650146484375
7.796525955200195
7.74073600769043
7.695674896240234
7.443428039550781
7.668733596801758
7.911443710327148
7.897138595581055
7.811784744262695
8.014678955078125
7.699728012084961
7.709980010986328
7.718801498413086
7.804393768310547
7.772684097290039
8.630752563476562
7.806062698364258
7.895231246948242
7.7838897705078125
7.756233215332031
7.775783538818359
7.778644561767578
7.794857025146484
7.663488388061523
7.722139358520508
7.85517692565918
8.075237274169922
7.96198844909668
7.955789566040039
7.896184921264648
7.77435302734375
7.762670516967773
7.956266403198242
7.906198501586914
8.105278015136719
7.729530334472656
7.887840270996094
7.865428924560547
7.944583892822266
7.843017578125
7.909536361694336
7.901191711425781
7.684230804443359
7.787942886352539
7.74693489074707
7.689952850341797
7.801294326782227
8.299589157104492
7.9631805419921875
7.885932922363281
7.797002792358398
8.013486862182617
7.903814315795898
7.7304840087890625
7.705926895141602
7.745265960693359
7.873296737670898
7.758617401123047
7.775783538818359
7.648706436157227
7.739543914794922
7.811307907104492
7.834672927856445
7.742166519165039
7.685184478759766
7.776975631713867
7.657051086425781
7.916450500488281
7.835626602172852
7.770538330078125
7.756948471069336
7.940053939819336
7.854461669921875
7.682085037231445
7.833719253540039
7.758855819702148
7.854938507080078
7.897377014160156
7.853031158447266
7.825374603271484
7.775306701660156
7.695913314819336
7.812738418579102
8.009672164916992
7.95435905456543
7.893800735473633
7.788181304931641
7.906675338745117
7.944583892822266
7.7762603759765625
7.834434509277344
7.788658142089844
7.812738418579102
7.8582763671875
7.915735244750977
7.861852645874023
7.822513580322266
7.797479629516602
7.781744003295898
7.8525543212890625
7.822513580322266
7.899045944213867
7.730245590209961
7.869958877563477
7.801055908203125
7.68733024597168
7.714986801147461
7.748842239379883
7.835149765014648
7.709980010986328
7.640838623046875
7.548093795776367
7.836103439331055
8.238792419433594
7.920742034912109
7.804155349731445
7.892847061157227
8.024215698242188
7.8372955322265625
7.770061492919922
7.817268371582031
7.878541946411133
7.858514785766602
8.049249649047852
7.907629013061523
7.863283157348633
7.867574691772461
8.362054824829102
7.908105850219727
7.893562316894531
7.829904556274414
7.739543914794922
7.85374641418457
7.856130599975586
7.803678512573242
7.813692092895508
7.621049880981445
7.876396179199219
7.764577865600586
7.8125
8.037567138671875
7.769107818603516
7.690906524658203
7.679224014282227
7.79271125793457
7.783412933349609
7.661342620849609
7.676124572753906
7.938623428344727
7.958889007568359
7.74383544921875
7.781982421875
8.220434188842773
8.410215377807617
7.898807525634766
7.829189300537109
7.7667236328125
7.863044738769531
7.887601852416992
7.888555526733398
7.790565490722656
7.740259170532227
7.796525955200195
7.823467254638672
7.846355438232422
8.084297180175781
8.037805557250977
8.054494857788086
7.94672966003418
7.756471633911133
7.757425308227539
7.827997207641602
7.756948471069336
7.64155387878418
8.165836334228516
7.7991485595703125
7.889986038208008
7.793426513671875
7.773399353027344
7.786750793457031
7.80797004699707
7.751703262329102
7.815122604370117
7.895469665527344
7.815837860107422
7.92694091796875
7.8792572021484375
8.00466537475586
7.889747619628906
7.849454879760742
7.685184478759766
7.966756820678711
7.8887939453125
7.828235626220703
7.782459259033203
7.825136184692383
7.782459259033203
7.7152252197265625
7.748603820800781
7.686853408813477
7.704019546508789
8.293390274047852
8.132696151733398
7.907629013061523
7.794857025146484
7.925510406494141
7.858514785766602
7.836818695068359
7.736444473266602
7.758378982543945
7.820606231689453
7.729291915893555
8.05044174194336
7.946491241455078
7.764577865600586
7.903814315795898
7.866621017456055
7.802248001098633
7.69495964050293
7.7724456787109375
7.789373397827148
7.896661758422852
7.811069488525391
7.734537124633789
7.701635360717773
7.773160934448242
7.800579071044922
7.843971252441406
7.962226867675781
7.884025573730469
7.871389389038086
7.699489593505859
7.802009582519531
7.888317108154297
7.838726043701172
7.834434509277344
7.786989212036133
7.918596267700195
7.913827896118164
7.80797004699707
7.712125778198242
7.779121398925781
7.801532745361328
7.801294326782227
7.790327072143555
7.776021957397461
7.847070693969727
7.706642150878906
7.762432098388672
7.917881011962891
7.893800735473633
8.034944534301758
7.816314697265625
7.724285125732422
7.77888298034668
7.710456848144531
7.841348648071289
8.098125457763672
7.909059524536133
8.055448532104492
7.912397384643555
7.986783981323242
7.978200912475586
8.152246475219727
7.93910026550293
7.882833480834961
8.066415786743164
8.108377456665039
8.021116256713867
7.972240447998047
7.788181304931641
7.908821105957031
7.828712463378906
7.934808731079102
7.938385009765625
8.263111114501953
7.998466491699219
8.029937744140625
7.995367050170898
8.108377456665039
8.045196533203125
8.164167404174805
7.926702499389648
7.727146148681641
7.840156555175781
7.785797119140625
7.973432540893555
7.999897003173828
7.9250335693359375
7.792234420776367
7.861852645874023
7.734537124633789
8.49294662475586
8.363723754882812
8.032083511352539
8.052825927734375
7.888078689575195
8.174657821655273
8.092403411865234
7.980108261108398
7.89952278137207
8.22305679321289
8.098363876342773
8.069276809692383
8.127212524414062
8.6212158203125
7.899045944213867
7.821798324584961
7.699489593505859
7.879972457885742
7.755517959594727
7.897377014160156
7.79414176940918
7.77125358581543
7.890462875366211
7.7953338623046875
7.726907730102539
7.748842239379883
8.110284805297852
7.913351058959961
7.827281951904297
7.775783538818359
7.816791534423828
7.745265960693359
7.668733596801758
7.752656936645508
7.750034332275391
7.81559944152832
7.785558700561523
7.784366607666016
8.211374282836914
8.05211067199707
7.916927337646484
7.828712463378906
7.803678512573242
7.646322250366211
7.798910140991211
7.8601837158203125
7.7667236328125
7.858514785766602
7.745504379272461
7.651805877685547
7.766246795654297
7.798910140991211
7.80177116394043
7.735729217529297
7.830142974853516
7.977962493896484
7.944583892822266
7.744312286376953
7.95435905456543
8.010387420654297
7.716178894042969
7.96198844909668
8.052587509155273
7.628679275512695
8.227109909057617
8.05211067199707
7.902383804321289
7.747173309326172
7.7800750732421875
7.910728454589844
7.80487060546875
7.796049118041992
7.807493209838867
7.899761199951172
7.852315902709961
7.908105850219727
7.888317108154297
7.9193115234375
7.905244827270508
7.74073600769043
7.812738418579102
7.771968841552734
7.90095329284668
7.83538818359375
7.803916931152344
7.750511169433594
7.759332656860352
7.72547721862793
7.754325866699219
7.818698883056641
7.796525955200195
7.976055145263672
7.7800750732421875
7.707834243774414
7.897853851318359
7.894754409790039
7.966756820678711
7.782459259033203
7.849693298339844
7.924795150756836
7.820844650268555
7.74383544921875
7.681369781494141
7.717370986938477
7.764577865600586
7.872104644775391
7.72857666015625
7.709503173828125
7.672548294067383
7.575273513793945
7.860898971557617
7.13658332824707
7.441520690917969
8.04591178894043
7.982492446899414
7.730722427368164
7.743597030639648
7.663726806640625
7.768869400024414
7.707118988037109
7.64918327331543
7.750988006591797
7.714986801147461
7.754802703857422
7.761240005493164
7.759809494018555
7.70115852355957
7.757663726806641
8.086204528808594
7.910490036010742
7.880926132202148
7.850170135498047
7.870197296142578
7.887840270996094
7.862091064453125
7.849454879760742
8.163928985595703
7.892608642578125
7.803916931152344
7.743358612060547
8.195877075195312
7.85064697265625
7.763385772705078
7.956743240356445
7.836103439331055
7.922649383544922
7.839441299438477
7.876873016357422
7.806301116943359
7.776021957397461
7.765531539916992
7.787227630615234
7.894754409790039
7.877588272094727
7.961034774780273
8.067131042480469
8.018255233764648
8.071184158325195
8.020162582397461
8.044004440307617
7.929801940917969
7.948637008666992
7.973670959472656
8.045434951782227
7.98797607421875
7.905721664428711
8.404970169067383
7.8525543212890625
7.766246795654297
7.8563690185546875
7.772684097290039
7.805585861206055
7.647991180419922
7.752180099487305
7.765531539916992
7.866621017456055
7.896661758422852
7.885932922363281
7.750034332275391
8.364200592041016
7.989406585693359
8.195877075195312
8.247137069702148
7.954120635986328
7.750749588012695
7.800817489624023
7.888555526733398
7.828235626220703
7.709741592407227
7.783651351928711
7.80487060546875
8.333206176757812
7.944345474243164
7.882356643676758
7.831096649169922
7.783412933349609
7.847309112548828
7.790803909301758
7.826328277587891
7.694721221923828
7.781982421875
7.819414138793945
7.886648178100586
7.9193115234375
8.484363555908203
7.871150970458984
7.9593658447265625
7.888555526733398
7.907867431640625
7.990121841430664
7.842779159545898
7.889509201049805
7.752418518066406
7.695913314819336
7.726907730102539
7.834434509277344
7.752180099487305
7.859230041503906
7.729768753051758
7.776021957397461
7.701873779296875
7.763862609863281
7.871866226196289
7.777214050292969
7.392168045043945
7.721900939941406
7.877826690673828
7.876873016357422
7.950067520141602
7.896184921264648
7.863044738769531
7.740497589111328
7.83848762512207
7.822275161743164
7.871389389038086
8.040189743041992
7.556915283203125
7.8277587890625
8.166790008544922
8.256196975708008
8.165121078491211
8.186101913452148
8.037090301513672
7.771730422973633
7.855892181396484
7.8487396240234375
7.864475250244141
7.842540740966797
7.901906967163086
7.786989212036133
7.888555526733398
7.780551910400391
7.768869400024414
7.797479629516602
7.8907012939453125
7.937192916870117
7.762670516967773
7.769107818603516
7.736682891845703
7.728815078735352
7.794618606567383
7.877826690673828
7.848978042602539
8.416414260864258
7.840394973754883
7.854461669921875
7.371425628662109
8.301019668579102
8.513927459716797
7.901668548583984
7.882595062255859
7.773876190185547
7.800579071044922
7.916688919067383
7.878780364990234
7.820367813110352
7.885217666625977
8.00776481628418
7.869720458984375
7.76219367980957
7.810831069946289
7.911920547485352
7.886648178100586
7.819175720214844
7.767438888549805
7.781744003295898
7.833003997802734
7.853031158447266
7.853031158447266
7.782936096191406
7.704496383666992
7.693052291870117
7.768392562866211
7.897377014160156
7.87806510925293
7.902383804321289
7.787227630615234
7.726907730102539
7.73167610168457
7.822275161743164
7.632732391357422
7.8067779541015625
7.688760757446289
7.635354995727539
7.836103439331055
7.783412933349609
8.002281188964844
7.626056671142578
7.678985595703125
7.750511169433594
7.6885223388671875
7.89189338684082
7.831096649169922
7.862091064453125
7.752656936645508
7.814168930053711
7.699728012084961
7.83538818359375
7.785320281982422
7.759571075439453
7.78651237487793
7.802248001098633
7.712602615356445
7.813692092895508
7.752418518066406
7.782936096191406
7.712841033935547
7.786750793457031
7.667303085327148
7.81702995300293
7.7915191650390625
7.8125
8.392572402954102
7.819652557373047
7.815122604370117
7.681608200073242
7.849693298339844
7.704257965087891
7.791280746459961
7.747650146484375
7.853031158447266
7.75146484375
7.681369781494141
7.6751708984375
7.915019989013672
8.35561752319336
7.92384147644043
7.72547721862793
7.849454879760742
7.818460464477539
7.735729217529297
7.699728012084961
7.973909378051758
7.843971252441406
7.723093032836914
7.7991485595703125
7.857084274291992
8.044004440307617
8.461236953735352
7.917881011962891
8.768796920776367
7.761716842651367
7.7762603759765625
7.406711578369141
7.93004035949707
8.65030288696289
7.999658584594727
7.770776748657227
8.045196533203125
7.810831069946289
8.6517333984375
7.767915725708008
7.769107818603516
7.729768753051758
7.866859436035156
7.837772369384766
7.872581481933594
7.860898971557617
7.736444473266602
7.673025131225586
7.83228874206543
7.824897766113281
7.7953338623046875
7.906913757324219
7.903337478637695
7.87353515625
7.696390151977539
7.706165313720703
7.789373397827148
7.812738418579102
8.09621810913086
7.665872573852539
7.5016021728515625
7.692813873291016
7.782220840454102
8.12530517578125
8.230447769165039
7.8563690185546875
7.778406143188477
7.98487663269043
7.918119430541992
7.950305938720703
7.897615432739258
7.870197296142578
7.757663726806641
7.713079452514648
7.875680923461914
7.857799530029297
7.8296661376953125
7.840394973754883
7.87353515625
7.871389389038086
7.85374641418457
7.712364196777344
7.760286331176758
7.824897766113281
8.11767578125
7.846355438232422
7.814645767211914
7.720947265625
7.708311080932617
7.698535919189453
7.759809494018555
7.7877044677734375
7.892370223999023
7.803678512573242
7.720470428466797
7.676124572753906
7.797002792358398
7.791042327880859
7.750511169433594
7.752418518066406
7.6427459716796875
7.785797119140625
7.81702995300293
7.765293121337891
7.792234420776367
7.735252380371094
7.74836540222168
7.74383544921875
7.814884185791016
7.792472839355469
7.835149765014648
7.894992828369141
7.822275161743164
7.961511611938477
7.975578308105469
7.690906524658203
7.734537124633789
7.805585861206055
7.863283157348633
7.806301116943359
7.684230804443359
7.688045501708984
7.749080657958984
7.819414138793945
7.720947265625
7.75146484375
7.716894149780273
7.7724456787109375
7.796049118041992
7.80177116394043
7.773637771606445
7.720232009887695
7.675409317016602
7.746696472167969
7.779836654663086
7.795572280883789
7.7762603759765625
7.6389312744140625
7.6961517333984375
7.816791534423828
7.831811904907227
7.722616195678711
7.608652114868164
7.7381134033203125
7.77435302734375
7.800102233886719
7.72547721862793
7.705211639404297
7.699012756347656
7.764339447021484
7.800817489624023
8.016347885131836
7.810831069946289
7.818460464477539
7.7972412109375
7.67207145690918
7.773399353027344
7.831811904907227
7.847309112548828
7.386922836303711
7.60650634765625
7.7228546142578125
7.894992828369141
7.718324661254883
7.6541900634765625
7.7571868896484375
8.327960968017578
8.21828842163086
7.89332389831543
7.894992828369141
7.812738418579102
7.8945159912109375
7.876157760620117
7.871150970458984
8.129119873046875
7.837772369384766
7.83538818359375
7.836341857910156
7.923126220703125
8.479118347167969
7.875204086303711
7.842779159545898
7.796287536621094
7.799863815307617
7.838726043701172
7.664680480957031
8.096694946289062
7.9174041748046875
7.790803909301758
7.816076278686523
7.777214050292969
7.689476013183594
8.64100456237793
7.843732833862305
7.758378982543945
7.660388946533203
7.765054702758789
7.758140563964844
7.775783538818359
7.905721664428711
7.833719253540039
7.851600646972656
7.719516754150391
7.740020751953125
7.765531539916992
8.216142654418945
7.831335067749023
7.791996002197266
7.777214050292969
7.843971252441406
7.789850234985352
7.651329040527344
7.665872573852539
7.760286331176758
7.746458053588867
7.635831832885742
7.723808288574219
7.885932922363281
7.885932922363281
7.901906967163086
7.859706878662109
7.841348648071289
7.772922515869141
7.400035858154297
7.538557052612305
7.917642593383789
7.883787155151367
8.132457733154297
8.119344711303711
8.45646858215332
7.915258407592773
7.817506790161133
7.81559944152832
7.782459259033203
8.01396369934082
7.918357849121094
7.76982307434082
7.793426513671875
7.746696472167969
7.765769958496094
7.752895355224609
7.660150527954102
8.085250854492188
8.229255676269531
7.88426399230957
7.662057876586914
7.673740386962891
7.727861404418945
7.726192474365234
7.890462875366211
7.827997207641602
7.819175720214844
7.971763610839844
8.019447326660156
7.817983627319336
7.761955261230469
7.8525543212890625
7.830381393432617
7.807254791259766
7.842063903808594
7.956504821777344
7.796049118041992
7.690906524658203
7.7266693115234375
7.750034332275391
7.766962051391602
7.759332656860352
7.708072662353516
7.785320281982422
7.933855056762695
7.767438888549805
7.85517692565918
7.866621017456055
7.825374603271484
7.730960845947266
7.740259170532227
7.768154144287109
7.7667236328125
7.750511169433594
7.764101028442383
7.706403732299805
7.633209228515625
7.917881011962891
7.767200469970703
7.770299911499023
7.651567459106445
7.674932479858398
7.651090621948242
7.946252822875977
7.847785949707031
7.782697677612305
7.796764373779297
7.662534713745117
7.784605026245117
7.735490798950195
7.934093475341797
7.828474044799805
7.683038711547852
7.778167724609375
7.739543914794922
7.900476455688477
7.833003997802734
7.915019989013672
7.790327072143555
7.81559944152832
7.7838897705078125
7.767438888549805
7.903575897216797
7.751941680908203
8.046627044677734
7.935285568237305
7.9250335693359375
7.842302322387695
7.87043571472168
8.220911026000977
7.839202880859375
7.805347442626953
7.759809494018555
7.760524749755859
7.702350616455078
7.681846618652344
7.761478424072266
7.799863815307617
7.648468017578125
7.776975631713867
7.673978805541992
7.409811019897461
8.35561752319336
7.946014404296875
7.769107818603516
7.754325866699219
7.901668548583984
7.781744003295898
8.141517639160156
7.865428924560547
7.781982421875
8.015155792236328
7.866382598876953
7.84611701965332
7.825613021850586
7.812261581420898
7.779836654663086
7.722377777099609
7.855415344238281
7.756948471069336
8.376598358154297
8.011817932128906
7.86280632019043
7.782697677612305
7.835626602172852
7.7877044677734375
7.657051086425781
7.702350616455078
7.753610610961914
7.817745208740234
7.725238800048828
7.661342620849609
7.725238800048828
8.332490921020508
7.870912551879883
7.821321487426758
7.712364196777344
7.81559944152832
7.825374603271484
7.68589973449707
7.719278335571289
7.74693489074707
7.787227630615234
7.761955261230469
7.788419723510742
7.659435272216797
8.188962936401367
7.800817489624023
7.771015167236328
7.764577865600586
7.785797119140625
7.836103439331055
7.715463638305664
7.696628570556641
7.741451263427734
7.812976837158203
7.856845855712891
7.850170135498047
7.726192474365234
7.774591445922852
7.773399353027344
7.818698883056641
7.727622985839844
7.780551910400391
7.737874984741211
7.76362419128418
7.7190399169921875
7.763147354125977
7.880449295043945
7.864713668823242
7.7075958251953125
7.70258903503418
7.669210433959961
7.757902145385742
7.818937301635742
7.6446533203125
7.691621780395508
7.688999176025391
7.819175720214844
7.713556289672852
7.786750793457031
7.665872573852539
7.722616195678711
7.80034065246582
7.806062698364258
7.88569450378418
7.727384567260742
7.6923370361328125
7.874727249145508
7.68589973449707
7.703542709350586
7.833957672119141
7.802724838256836
7.785797119140625
7.790803909301758
7.81702995300293
7.864952087402344
7.747411727905273
7.861137390136719
7.851600646972656
7.796764373779297
7.898807525634766
7.785558700561523
7.75456428527832
7.894754409790039
8.00013542175293
7.802486419677734
7.854938507080078
7.794380187988281
7.941484451293945
7.886171340942383
7.898569107055664
8.010149002075195
7.990121841430664
7.741451263427734
7.818937301635742
7.893085479736328
8.916378021240234
7.951498031616211
7.846355438232422
7.947444915771484
8.003711700439453
7.924318313598633
7.77435302734375
7.727384567260742
7.865428924560547
7.834911346435547
7.9059600830078125
7.760763168334961
7.7877044677734375
7.676124572753906
7.819175720214844
7.697820663452148
7.787942886352539
7.857561111450195
7.826566696166992
7.732152938842773
7.568120956420898
7.489919662475586
8.00466537475586
7.813215255737305
7.793188095092773
7.710933685302734
7.792472839355469
7.864236831665039
7.91478157043457
7.827997207641602
7.761716842651367
7.783174514770508
7.833719253540039
7.795095443725586
7.9402923583984375
7.813930511474609
7.859230041503906
7.873058319091797
7.759571075439453
7.643699645996094
7.732868194580078
7.81702995300293
7.803201675415039
7.639646530151367
7.680654525756836
7.6274871826171875
7.804155349731445
7.676839828491211
7.778167724609375
7.683038711547852
7.796764373779297
7.90858268737793
7.769346237182617
7.84611701965332
7.750034332275391
7.737874984741211
7.646322250366211
8.326292037963867
7.832050323486328
7.91168212890625
7.822275161743164
7.795095443725586
7.724523544311523
7.706642150878906
7.742404937744141
7.719755172729492
7.800817489624023
7.884502410888672
7.858753204345703
7.674694061279297
8.45193862915039
7.907390594482422
7.864713668823242
7.751703262329102
7.749319076538086
7.772207260131836
7.753849029541016
7.75456428527832
7.768869400024414
7.66444206237793
7.758617401123047
7.793664932250977
7.752180099487305
8.43191146850586
7.938861846923828
7.818698883056641
7.815837860107422
7.774829864501953
7.740497589111328
8.401870727539062
8.172273635864258
7.845640182495117
7.778167724609375
7.716894149780273
7.722377777099609
7.785558700561523
8.102655410766602
7.937908172607422
7.741451263427734
7.866621017456055
7.746696472167969
7.993221282958984
7.879972457885742
7.835865020751953
7.81559944152832
7.795572280883789
7.754325866699219
7.799863815307617
7.935047149658203
7.914066314697266
7.887601852416992
7.813453674316406
7.645606994628906
7.793426513671875
7.738828659057617
7.853031158447266
7.8182220458984375
7.874250411987305
7.678985595703125
7.714033126831055
7.758855819702148
7.827997207641602
7.811307907104492
7.689237594604492
7.663726806640625
7.766246795654297
7.788896560668945
7.788181304931641
8.00013542175293
7.694482803344727
7.6446533203125
7.729291915893555
7.7667236328125
7.716894149780273
7.623195648193359
7.676601409912109
7.686376571655273
7.820606231689453
7.721900939941406
7.874488830566406
7.683753967285156
7.732629776000977
7.714271545410156
7.827281951904297
7.783651351928711
7.706880569458008
7.710933685302734
7.789373397827148
7.786750793457031
7.749795913696289
7.6732635498046875
7.701635360717773
7.683992385864258
7.832050323486328
7.832527160644531
7.682323455810547
7.720947265625
7.807493209838867
7.813930511474609
7.733345031738281
7.8525543212890625
7.764577865600586
7.717609405517578
7.705211639404297
7.791280746459961
7.819175720214844
7.778406143188477
7.676839828491211
7.7037811279296875
7.728815078735352
7.826328277587891
7.893562316894531
7.732391357421875
7.751941680908203
7.741451263427734
7.827281951904297
7.821083068847656
7.757663726806641
7.83228874206543
7.791280746459961
7.765054702758789
7.720708847045898
7.769346237182617
7.744312286376953
7.776021957397461
7.696390151977539
7.680177688598633
7.707357406616211
7.921695709228516
7.829427719116211
7.77435302734375
7.764577865600586
7.754087448120117
7.779598236083984
7.827281951904297
7.751941680908203
7.721900939941406
7.788658142089844
7.70115852355957
7.822513580322266
7.8582763671875
7.821798324584961
7.752418518066406
7.663965225219727
7.655143737792969
7.737398147583008
7.92384147644043
7.849216461181641
7.760047912597656
7.743358612060547
7.764339447021484
7.85517692565918
7.732391357421875
7.720708847045898
7.727146148681641
7.737159729003906
7.661342620849609
7.709026336669922
7.701873779296875
7.700204849243164
7.6313018798828125
7.777929306030273
7.788181304931641
7.864713668823242
7.819414138793945
8.189678192138672
8.404016494750977
7.897853851318359
7.92694091796875
7.796287536621094
7.788658142089844
7.758140563964844
7.608175277709961
8.146286010742188
7.740020751953125
7.74383544921875
7.766962051391602
8.475780487060547
8.0108642578125
7.833003997802734
7.836818695068359
7.842779159545898
7.888317108154297
7.818698883056641
7.70115852355957
7.683277130126953
7.958889007568359
7.857084274291992
7.8182220458984375
7.800102233886719
8.461952209472656
8.019208908081055
7.856845855712891
7.836341857910156
7.768154144287109
7.739782333374023
7.967472076416016
7.7342987060546875
7.702112197875977
7.8525543212890625
7.894039154052734
7.784128189086914
7.671594619750977
8.402347564697266
7.901191711425781
7.718801498413086
7.949352264404297
7.751941680908203
7.802009582519531
7.767438888549805
7.8067779541015625
7.823944091796875
7.782697677612305
7.706642150878906
7.744312286376953
7.80177116394043
7.919549942016602
7.793903350830078
7.784843444824219
7.696866989135742
7.645845413208008
7.796049118041992
7.920742034912109
7.864952087402344
7.761240005493164
7.711887359619141
7.748842239379883
7.818698883056641
7.7381134033203125
7.74383544921875
7.7362060546875
7.742881774902344
7.695674896240234
7.827281951904297
7.763385772705078
7.702112197875977
7.657289505004883
7.674455642700195
7.719755172729492
7.617712020874023
7.807731628417969
7.658481597900391
7.767677307128906
7.693052291870117
7.838964462280273
7.710933685302734
7.6694488525390625
7.691144943237305
7.829427719116211
7.845640182495117
7.775306701660156
7.376432418823242
8.01229476928711
8.213043212890625
7.860422134399414
7.723093032836914
7.856845855712891
7.787942886352539
7.776975631713867
7.8105926513671875
7.76982307434082
7.758140563964844
7.880449295043945
7.844209671020508
7.811069488525391
7.892131805419922
7.886409759521484
7.916688919067383
7.802248001098633
7.6313018798828125
7.744312286376953
7.899284362792969
7.941246032714844
7.9936981201171875
7.847309112548828
7.864236831665039
7.671594619750977
7.725954055786133
7.711172103881836
7.8144073486328125
7.7800750732421875
7.69805908203125
7.730007171630859
7.865428924560547
7.782220840454102
7.806301116943359
7.821083068847656
7.772922515869141
7.704496383666992
7.73930549621582
7.757663726806641
7.756948471069336
7.807016372680664
7.734537124633789
7.718801498413086
7.727384567260742
7.810115814208984
7.712125778198242
7.700681686401367
7.698774337768555
7.613182067871094
8.091926574707031
7.948637008666992
7.775545120239258
8.116960525512695
7.786989212036133
7.881879806518555
7.784366607666016
7.664918899536133
7.732629776000977
7.790088653564453
7.826328277587891
7.8029632568359375
7.770776748657227
7.739067077636719
7.710695266723633
7.842063903808594
7.970333099365234
7.792234420776367
7.807254791259766
7.750749588012695
7.718563079833984
7.759332656860352
7.683277130126953
8.127927780151367
7.903337478637695
7.76219367980957
7.811546325683594
7.686614990234375
7.745265960693359
7.763862609863281
8.314371109008789
7.836580276489258
7.815837860107422
7.875680923461914
7.906675338745117
7.719278335571289
7.624626159667969
7.710456848144531
7.784128189086914
7.811546325683594
7.785320281982422
7.709264755249023
7.763147354125977
8.062362670898438
7.850408554077148
7.784843444824219
7.791996002197266
7.701635360717773
7.734537124633789
7.680177688598633
7.742881774902344
7.862329483032227
7.792234420776367
7.804155349731445
7.667064666748047
7.730960845947266
8.361101150512695
7.810831069946289
7.750749588012695
7.686853408813477
7.828474044799805
7.763147354125977
7.68733024597168
7.730722427368164
7.782936096191406
7.742404937744141
7.357597351074219
7.56525993347168
7.766962051391602
8.703470230102539
8.646249771118164
7.919788360595703
7.816791534423828
7.786273956298828
7.756233215332031
7.673740386962891
7.777214050292969
7.828235626220703
7.8716278076171875
7.83848762512207
7.797479629516602
7.798433303833008
7.781982421875
7.826089859008789
7.758378982543945
7.949590682983398
7.895231246948242
7.864475250244141
7.718086242675781
7.705926895141602
7.774114608764648
7.827997207641602
7.783651351928711
7.821798324584961
7.753849029541016
7.738828659057617
7.742643356323242
7.769584655761719
7.7972412109375
7.832765579223633
7.775545120239258
7.647514343261719
7.705450057983398
7.932901382446289
7.853507995605469
7.836580276489258
7.901191711425781
7.822513580322266
7.770299911499023
7.730722427368164
7.767677307128906
7.719993591308594
7.831096649169922
7.816314697265625
7.756471633911133
7.702112197875977
7.76219367980957
7.776498794555664
7.991552352905273
7.775068283081055
7.8125
7.636547088623047
7.904529571533203
7.77888298034668
7.626771926879883
7.770776748657227
7.6999664306640625
7.632017135620117
7.7667236328125
7.5931549072265625
7.71641731262207
7.739543914794922
7.705211639404297
7.72857666015625
7.859468460083008
7.674694061279297
7.747173309326172
7.6503753662109375
7.856607437133789
7.803440093994141
7.809638977050781
7.720232009887695
7.682323455810547
7.7610015869140625
7.709264755249023
7.813930511474609
7.80797004699707
7.675409317016602
7.793426513671875
7.86590576171875
7.819652557373047
8.11147689819336
7.9498291015625
7.863283157348633
7.843494415283203
7.757425308227539
7.734060287475586
7.727861404418945
7.791996002197266
7.809638977050781
7.796525955200195
7.823705673217773
7.737159729003906
7.714986801147461
7.80487060546875
7.686138153076172
7.826089859008789
7.797718048095703
7.687807083129883
7.6503753662109375
7.810831069946289
7.812738418579102
7.75456428527832
7.675886154174805
7.695913314819336
7.675886154174805
7.816553115844727
7.79271125793457
7.661342620849609
8.059263229370117
7.940530776977539
7.694482803344727
7.756471633911133
7.775783538818359
7.812738418579102
7.822513580322266
7.634162902832031
7.649421691894531
7.762432098388672
8.042573928833008
7.872819900512695
7.483959197998047
8.015871047973633
7.852077484130859
7.644414901733398
7.761955261230469
7.845163345336914
8.496284484863281
7.948875427246094
7.767438888549805
7.809877395629883
7.805824279785156
7.699728012084961
7.677793502807617
7.874727249145508
7.714271545410156
7.985591888427734
7.843494415283203
7.877349853515625
7.681131362915039
8.612632751464844
7.880449295043945
7.859945297241211
7.732868194580078
7.725238800048828
7.704257965087891
7.827520370483398
7.759809494018555
7.747650146484375
7.707357406616211
7.661342620849609
7.685661315917969
7.826089859008789
8.557796478271484
7.863759994506836
7.74073600769043
7.748126983642578
7.674455642700195
7.862329483032227
7.694005966186523
7.76362419128418
7.74836540222168
7.879734039306641
7.781267166137695
7.688999176025391
7.648229598999023
8.081197738647461
7.874727249145508
7.782220840454102
7.761955261230469
7.705926895141602
7.6885223388671875
7.7152252197265625
7.712125778198242
7.699251174926758
7.683277130126953
7.736682891845703
7.804393768310547
7.708311080932617
7.825613021850586
7.754087448120117
7.740497589111328
7.324457168579102
7.84611701965332
7.572412490844727
7.674694061279297
7.705211639404297
7.852315902709961
7.726192474365234
7.809877395629883
7.809877395629883
7.805824279785156
7.745504379272461
7.82012939453125
7.812738418579102
8.113384246826172
7.901668548583984
7.887363433837891
7.822275161743164
7.805109024047852
7.72404670715332
7.751941680908203
7.818937301635742
7.847785949707031
7.873296737670898
7.797956466674805
7.687807083129883
7.7686309814453125
7.737636566162109
7.803678512573242
8.03995132446289
7.808923721313477
7.802724838256836
7.721900939941406
7.728099822998047
7.822275161743164
7.775306701660156
7.821321487426758
7.734060287475586
7.686376571655273
7.670164108276367
7.96055793762207
7.710695266723633
7.7495574951171875
7.658243179321289
7.73930549621582
7.688999176025391
7.801055908203125
7.778167724609375
7.730960845947266
7.78961181640625
7.707118988037109
7.771015167236328
7.707357406616211
7.756948471069336
7.669210433959961
7.7362060546875
7.753849029541016
7.72547721862793
7.649898529052734
7.386684417724609
8.214235305786133
7.884502410888672
7.792472839355469
7.72547721862793
7.660627365112305
7.645130157470703
7.786035537719727
7.8125
7.755756378173828
7.821321487426758
7.810354232788086
7.71021842956543
7.761478424072266
7.763147354125977
7.88569450378418
7.630825042724609
7.710933685302734
7.652044296264648
7.818460464477539
7.807254791259766
7.803916931152344
7.694005966186523
7.7362060546875
7.789134979248047
7.978200912475586
7.800817489624023
7.7381134033203125
7.7533721923828125
7.714033126831055
7.717370986938477
7.735013961791992
7.87353515625
7.816314697265625
7.750988006591797
7.610082626342773
7.706403732299805
7.787466049194336
7.7457427978515625
7.772684097290039
7.755517959594727
7.757663726806641
7.735252380371094
7.755041122436523
7.809162139892578
7.767677307128906
7.659196853637695
7.723569869995117
7.805347442626953
7.930517196655273
7.737398147583008
7.702350616455078
7.7419281005859375
7.728815078735352
7.730960845947266
8.203744888305664
7.801294326782227
7.506847381591797
7.515907287597656
7.288932800292969
7.337093353271484
7.559776306152344
7.7037811279296875
7.6503753662109375
7.681131362915039
7.803678512573242
7.927417755126953
7.7838897705078125
8.138179779052734
7.9193115234375
7.956027984619141
7.6961517333984375
7.678508758544922
7.776737213134766
7.842063903808594
7.989168167114258
7.849693298339844
7.797956466674805
7.826805114746094
7.836818695068359
7.729291915893555
7.9803466796875
7.910251617431641
7.9250335693359375
7.955074310302734
7.863283157348633
7.928371429443359
8.069038391113281
7.918596267700195
7.819652557373047
8.044242858886719
8.287429809570312
7.882595062255859
8.019685745239258
7.982492446899414
7.8182220458984375
7.82012939453125
7.736921310424805
8.133172988891602
7.436037063598633
7.7877044677734375
7.775545120239258
7.891178131103516
7.752656936645508
7.7533721923828125
7.855892181396484
7.744550704956055
7.796525955200195
7.857799530029297
7.709980010986328
7.951974868774414
7.740497589111328
7.749795913696289
7.6808929443359375
7.905721664428711
7.853984832763672
7.8678131103515625
7.936954498291016
7.918596267700195
7.8144073486328125
7.622480392456055
7.728099822998047
7.792949676513672
7.876873016357422
7.7877044677734375
7.729291915893555
7.702112197875977
7.653474807739258
7.770061492919922
7.79414176940918
7.71784782409668
8.031368255615234
7.7228546142578125
7.667303085327148
7.909536361694336
7.781028747558594
7.833957672119141
7.728099822998047
7.706880569458008
7.731914520263672
7.806301116943359
7.859468460083008
7.931232452392578
7.922172546386719
8.084297180175781
7.892131805419922
7.905244827270508
7.910013198852539
8.046627044677734
8.087396621704102
8.064508438110352
7.901191711425781
7.816076278686523
7.483243942260742
8.153676986694336
7.85064697265625
7.785320281982422
7.771492004394531
7.784843444824219
7.681369781494141
7.669210433959961
7.730007171630859
7.826089859008789
7.811784744262695
7.691144943237305
7.661104202270508
7.7114105224609375
7.836103439331055
7.589578628540039
7.554292678833008
7.619142532348633
7.64012336730957
7.915735244750977
7.930994033813477
7.8449249267578125
7.8678131103515625
7.826089859008789
7.7877044677734375
7.772684097290039
7.851123809814453
7.913827896118164
7.804632186889648
7.805347442626953
7.702112197875977
7.630109786987305
7.772922515869141
7.997989654541016
7.879018783569336
7.80177116394043
7.85374641418457
7.7972412109375
7.721424102783203
8.389711380004883
7.840633392333984
7.723808288574219
7.776737213134766
8.659601211547852
7.869482040405273
7.622957229614258
7.824420928955078
8.002996444702148
8.192777633666992
8.281707763671875
8.077383041381836
7.7972412109375
8.110284805297852
8.104801177978516
7.8334808349609375
7.843255996704102
7.873058319091797
7.861614227294922
7.794380187988281
7.764339447021484
7.924795150756836
7.847309112548828
7.840633392333984
7.7571868896484375
7.77888298034668
7.915019989013672
7.944583892822266
7.929801940917969
8.421897888183594
7.918834686279297
7.789373397827148
7.838726043701172
8.066892623901367
7.910251617431641
7.823705673217773
7.811069488525391
7.727146148681641
7.6904296875
7.815122604370117
7.742881774902344
7.8487396240234375
8.253812789916992
7.925510406494141
7.834672927856445
7.779598236083984
7.735252380371094
7.7075958251953125
7.869720458984375
7.770776748657227
7.7114105224609375
7.782697677612305
7.758855819702148
7.663726806640625
8.342742919921875
8.026838302612305
7.526397705078125
7.773876190185547
7.746696472167969
7.742881774902344
7.684469223022461
7.658720016479492
7.717370986938477
7.893800735473633
7.897138595581055
7.651329040527344
7.711887359619141
8.08262825012207
7.966279983520508
7.847785949707031
7.678985595703125
7.713794708251953
7.83538818359375
7.774114608764648
7.643938064575195
7.712602615356445
7.864475250244141
7.816553115844727
7.800579071044922
7.676839828491211
7.683277130126953
7.677793502807617
7.767438888549805
7.662534713745117
7.689714431762695
7.726430892944336
7.714748382568359
7.778406143188477
7.750511169433594
7.635831832885742
7.674694061279297
7.798433303833008
7.730245590209961
7.654666900634766
7.713794708251953
7.686138153076172
7.8887939453125
7.808923721313477
7.799863815307617
7.756471633911133
7.7342987060546875
7.730245590209961
7.7457427978515625
7.765531539916992
7.503032684326172
7.720232009887695
7.83085823059082
7.74383544921875
7.667064666748047
7.695436477661133
7.705450057983398
7.73930549621582
7.751703262329102
7.650852203369141
7.730245590209961
7.783174514770508
7.725715637207031
7.743597030639648
7.812023162841797
7.765293121337891
7.666110992431641
7.743597030639648
7.77125358581543
7.716178894042969
7.658481597900391
7.6770782470703125
7.753849029541016
7.783174514770508
7.756948471069336
7.741212844848633
7.70258903503418
7.933378219604492
7.791757583618164
7.714271545410156
7.62939453125
7.574319839477539
7.781744003295898
7.819890975952148
7.729768753051758
7.601737976074219
7.723331451416016
7.689952850341797
7.740020751953125
7.572412490844727
7.611751556396484
7.806539535522461
7.796287536621094
7.900238037109375
7.8067779541015625
7.775545120239258
7.664918899536133
7.797479629516602
7.729768753051758
7.76219367980957
7.775545120239258
7.65228271484375
7.695674896240234
8.195877075195312
7.882356643676758
7.851839065551758
7.836341857910156
7.876157760620117
9.204626083374023
8.0718994140625
7.893800735473633
7.742643356323242
7.655143737792969
7.725000381469727
7.750511169433594
7.72404670715332
7.787466049194336
7.8067779541015625
7.722377777099609
7.737398147583008
7.713794708251953
7.705926895141602
7.679462432861328
7.638454437255859
7.834434509277344
7.8125
7.778406143188477
7.812738418579102
7.68589973449707
7.714748382568359
7.728099822998047
7.989645004272461
7.712364196777344
7.740497589111328
7.658720016479492
7.735729217529297
7.71641731262207
7.87353515625
7.890462875366211
7.821559906005859
7.732868194580078
7.710933685302734
8.551836013793945
7.670879364013672
7.745504379272461
7.857084274291992
7.747411727905273
7.690906524658203
7.610082626342773
7.752418518066406
7.778406143188477
7.706403732299805
7.717609405517578
7.697582244873047
7.786750793457031
7.999897003173828
7.822275161743164
7.678508758544922
7.931709289550781
7.740020751953125
7.657051086425781
7.744312286376953
7.810831069946289
7.753610610961914
7.689476013183594
7.636070251464844
7.725715637207031
7.793426513671875
8.392810821533203
7.85064697265625
7.7533721923828125
7.802724838256836
7.761478424072266
7.689237594604492
7.664918899536133
7.790327072143555
7.750272750854492
7.92241096496582
7.739067077636719
7.699489593505859
7.688283920288086
8.295774459838867
7.703304290771484
7.544517517089844
7.397890090942383
7.801055908203125
7.704734802246094
7.735252380371094
7.4748992919921875
7.48133659362793
7.559299468994141
7.645130157470703
7.613420486450195
7.605075836181641
7.409572601318359
7.5511932373046875
7.672786712646484
7.564067840576172
7.6694488525390625
7.640600204467773
7.87353515625
7.771730422973633
7.974863052368164
8.060216903686523
8.02302360534668
7.93004035949707
7.893085479736328
8.019447326660156
7.80797004699707
7.470846176147461
7.997035980224609
7.932424545288086
8.016586303710938
8.520126342773438
8.147954940795898
8.232593536376953
8.470773696899414
8.472442626953125
8.232355117797852
8.004903793334961
8.234977722167969
7.919073104858398
7.806062698364258
7.734775543212891
7.700204849243164
7.8372955322265625
7.929801940917969
7.739543914794922
7.826089859008789
7.892608642578125
7.922887802124023
7.890939712524414
7.880210876464844
7.992267608642578
8.417606353759766
8.20302963256836
8.379697799682617
7.912158966064453
8.04901123046875
7.916927337646484
7.686853408813477
7.918834686279297
7.917881011962891
7.899045944213867
7.888317108154297
7.918357849121094
7.845401763916016
7.74693489074707
7.765769958496094
7.847309112548828
7.864952087402344
7.808208465576172
7.700443267822266
7.751226425170898
7.756471633911133
7.662773132324219
7.747888565063477
7.796764373779297
